loc hsv count
30.0 2307 1
37.0 3711 1
32.0 2758 1
35.0 210 1
8.0 786 1
32.0 480 1
20.0 2 1
23.0 4478 1
16.0 171 1
42.0 1573 1
42.0 1294 1
18.0 100 1
27.0 4841 1
29.0 5670 1
25.0 3925 1
39.0 2514 1
42.0 4995 1
40.0 262 1
28.0 376 1
36.0 3595 1
24.0 6561 1
31.0 2639 1
34.0 2748 1
36.0 4296 1
17.0 1470 1
40.0 12075 1
18.0 3304 1
11.0 2124 1
38.0 3832 1
24.0 2430 1
8.0 768 1
28.0 2694 1
30.0 2605 1
32.0 3612 1
23.0 2852 1
21.0 2934 1
35.0 3522 1
27.0 3336 1
6.0 476 1
9.0 1099 1
23.0 6452 1
41.0 3274 1
17.0 1740 1
25.0 2811 1
33.0 3448 1
8.0 933 1
16.0 1751 1
35.0 10581 1
42.0 3626 1
14.0 1842 1
14.0 1728 1
42.0 1280 1
7.0 695 1
30.0 6479 1
32.0 2897 1
23.0 358 1
30.0 3141 1
39.0 4092 1
12.0 1503 1
37.0 3664 1
40.0 12273 1
38.0 2950 1
27.0 2377 1
22.0 1206 1
22.0 2320 1
19.0 2046 1
19.0 2085 1
21.0 2271 1
39.0 695 1
35.0 6974 1
27.0 733 2
36.0 2188 2
41.0 2863 2
24.0 2841 2
14.0 1628 2
41.0 3051 2
38.0 3242 2
42.0 2496 2
40.0 1416 2
20.0 197 2
20.0 2448 2
17.0 567 2
7.0 1081 2
42.0 2731 2
41.0 416 2
41.0 306 2
42.0 1264 2
23.0 6828 2
8.0 2 2
40.0 4063 2
37.0 371 2
36.0 3959 2
27.0 3082 2
35.0 4077 2
38.0 3202 2
37.0 3380 2
42.0 2993 2
30.0 300 2
35.0 3227 2
31.0 2494 2
30.0 4048 2
22.0 2124 2
39.0 6221 2
40.0 862 2
39.0 4272 2
39.0 4796 2
41.0 2890 2
33.0 3720 2
21.0 2505 2
25.0 2345 2
35.0 2460 2
14.0 1656 2
42.0 518 2
42.0 3136 2
36.0 5296 2
16.0 2034 2
33.0 885 2
16.0 1644 2
39.0 3780 2
38.0 3743 2
28.0 3069 2
22.0 2360 2
41.0 1495 2
9.0 851 3
41.0 1306 3
10.0 76 3
18.0 2923 3
17.0 125 3
42.0 2903 3
28.0 2961 3
35.0 505 3
36.0 3034 3
11.0 1190 3
40.0 3253 3
35.0 534 3
41.0 1253 3
12.0 1272 3
35.0 658 3
37.0 591 3
28.0 1224 3
35.0 3938 3
33.0 443 3
34.0 2401 3
34.0 349 3
23.0 1774 3
38.0 3286 3
40.0 2843 3
41.0 3397 3
26.0 338 3
39.0 2609 3
34.0 2 3
41.0 2933 3
29.0 2979 3
28.0 2876 3
29.0 2535 3
39.0 3505 3
41.0 3173 3
25.0 2630 3
35.0 3016 3
39.0 610 3
30.0 2735 3
23.0 2163 3
19.0 1918 3
25.0 2333 3
27.0 937 3
18.0 2005 3
42.0 3461 3
39.0 1143 3
41.0 4462 3
39.0 3310 3
29.0 3262 4
41.0 3111 4
6.0 446 4
7.0 605 4
42.0 1468 4
42.0 1590 4
30.0 515 4
38.0 2961 4
39.0 2916 4
30.0 1098 4
42.0 1093 4
35.0 2550 4
13.0 971 4
34.0 575 4
34.0 3002 4
14.0 1440 4
18.0 161 4
42.0 2339 4
40.0 490 4
34.0 975 4
39.0 2486 4
21.0 1976 4
30.0 2659 4
29.0 2089 4
41.0 2794 4
20.0 2017 4
40.0 2672 4
41.0 761 4
42.0 2357 4
23.0 2204 4
27.0 1856 4
27.0 2821 4
42.0 3854 5
39.0 4232 5
37.0 3123 5
41.0 2108 5
19.0 1665 5
25.0 1944 5
9.0 111 5
30.0 2111 5
39.0 683 5
30.0 829 5
31.0 2280 5
33.0 710 5
21.0 1692 5
30.0 3361 5
33.0 3346 5
42.0 1696 5
28.0 2779 5
25.0 2060 5
36.0 2828 5
8.0 755 6
16.0 2112 6
32.0 3098 6
39.0 999 6
32.0 1197 6
38.0 1023 6
41.0 1761 6
41.0 2658 6
7.0 721 6
19.0 1458 6
6.0 396 6
19.0 1788 6
22.0 1416 6
40.0 2778 6
40.0 877 6
19.0 2144 6
17.0 1575 6
10.0 923 6
18.0 1894 6
22.0 404 7
20.0 2303 7
29.0 3431 7
32.0 564 7
40.0 2427 7
24.0 504 7
16.0 1718 7
27.0 2176 7
41.0 2535 7
40.0 2129 7
6.0 45 7
42.0 2707 7
36.0 2208 7
39.0 2384 7
20.0 228 8
14.0 1590 8
22.0 1989 8
29.0 1967 8
41.0 717 8
15.0 1176 8
27.0 2256 8
28.0 2669 8
25.0 2099 9
13.0 1323 9
39.0 2686 9
26.0 755 9
24.0 254 9
18.0 1867 9
42.0 2719 9
36.0 3188 9
27.0 2230 9
13.0 1164 9
39.0 647 9
27.0 289 9
33.0 2856 10
17.0 1392 10
42.0 2627 10
31.0 635 10
24.0 1954 10
18.0 1559 10
18.0 210 10
32.0 2359 10
18.0 1522 10
25.0 2471 11
39.0 1230 11
42.0 918 11
35.0 2805 11
31.0 418 11
41.0 943 11
19.0 1884 11
24.0 471 11
8.0 812 11
39.0 1805 11
39.0 1906 11
35.0 2065 11
42.0 3322 12
39.0 895 12
42.0 1881 12
40.0 1428 12
25.0 1600 12
39.0 2298 12
24.0 487 12
37.0 1164 12
41.0 2641 13
37.0 2328 13
29.0 1649 13
19.0 266 13
41.0 2409 13
37.0 1946 13
17.0 1290 13
23.0 1819 13
18.0 1763 13
29.0 1684 14
16.0 1243 14
39.0 1559 14
33.0 620 14
39.0 2873 14
33.0 2564 14
29.0 2390 14
37.0 1060 14
39.0 1864 15
40.0 2028 15
34.0 1329 15
39.0 1440 15
31.0 2616 15
17.0 1376 15
28.0 2036 15
24.0 2192 16
32.0 2414 16
24.0 840 16
24.0 1929 16
17.0 1143 16
24.0 1546 16
34.0 1117 16
39.0 2006 16
25.0 1628 16
18.0 1029 16
29.0 855 16
21.0 1833 17
38.0 906 17
7.0 679 17
37.0 2583 17
42.0 1738 17
10.0 732 17
19.0 1492 17
40.0 1186 18
40.0 786 18
13.0 1038 18
42.0 2075 18
17.0 1366 18
27.0 600 18
35.0 2472 18
15.0 183 18
36.0 2504 19
42.0 1220 19
37.0 2368 19
42.0 2233 19
41.0 1400 19
29.0 797 19
16.0 1350 19
12.0 1210 19
40.0 851 20
29.0 389 20
42.0 1131 20
15.0 1112 20
20.0 1705 21
33.0 2221 21
32.0 2147 21
28.0 1747 21
32.0 2594 22
6.0 880 22
39.0 1153 22
23.0 430 22
17.0 294 22
39.0 2525 24
19.0 320 24
16.0 883 24
40.0 1480 24
36.0 668 25
18.0 280 25
14.0 893 25
39.0 2086 26
37.0 818 26
36.0 2267 27
28.0 2074 27
36.0 988 27
26.0 718 27
17.0 1301 28
32.0 744 29
27.0 766 29
30.0 1759 29
36.0 1893 29
37.0 732 30
24.0 545 30
22.0 646 30
35.0 1986 30
34.0 2446 31
30.0 2130 31
40.0 1385 31
18.0 1405 33
9.0 827 33
15.0 1424 33
20.0 1679 34
28.0 807 34
38.0 1851 34
37.0 933 34
27.0 585 35
36.0 841 35
25.0 1589 35
39.0 2162 35
41.0 2179 36
36.0 1074 36
20.0 346 36
36.0 1794 37
29.0 1783 38
25.0 704 38
42.0 1105 38
37.0 1673 38
39.0 1205 39
38.0 2118 39
35.0 2318 39
37.0 2249 39
41.0 2285 40
24.0 1444 40
24.0 1730 40
41.0 2140 41
37.0 1523 41
18.0 382 42
32.0 1697 42
33.0 1010 42
39.0 1364 43
38.0 1972 43
34.0 1041 43
23.0 680 44
34.0 1997 44
34.0 1837 44
32.0 2017 44
26.0 948 45
13.0 839 46
29.0 1661 46
39.0 1505 46
31.0 1423 49
14.0 1225 49
39.0 2039 50
38.0 1935 50
27.0 1476 51
25.0 1639 52
6.0 65 52
41.0 1612 52
15.0 334 52
27.0 1844 53
42.0 2200 53
31.0 1252 54
34.0 1273 54
34.0 1873 55
36.0 1771 55
24.0 460 55
39.0 965 58
41.0 1318 59
34.0 1918 59
38.0 2097 60
36.0 2049 61
26.0 1533 62
25.0 610 62
32.0 1340 63
28.0 1905 66
17.0 1132 66
36.0 1819 66
35.0 1708 71
8.0 132 71
40.0 1686 71
30.0 1184 73
8.0 488 73
36.0 1957 73
38.0 1240 76
28.0 1567 82
25.0 777 82
23.0 1615 82
27.0 1387 82
27.0 1108 85
30.0 959 86
31.0 873 87
34.0 1550 87
27.0 1806 88
7.0 278 88
16.0 306 89
20.0 634 89
36.0 1640 91
38.0 1656 92
9.0 574 94
8.0 154 95
10.0 589 95
39.0 1625 95
39.0 1351 100
28.0 1401 100
22.0 1278 101
20.0 445 101
35.0 1722 103
10.0 862 104
39.0 1782 104
25.0 1312 104
38.0 1750 106
21.0 1335 106
26.0 1515 107
34.0 1540 111
29.0 1300 111
16.0 948 115
19.0 1077 117
26.0 1051 118
6.0 86 120
33.0 1453 124
27.0 1169 124
23.0 656 124
33.0 1088 125
26.0 694 125
12.0 744 126
16.0 1048 129
23.0 1039 129
33.0 1489 134
35.0 1599 135
18.0 418 138
20.0 860 138
29.0 999 140
16.0 1089 141
12.0 246 145
24.0 1505 147
20.0 1252 148
27.0 904 150
28.0 1149 151
22.0 1196 155
17.0 713 159
8.0 532 159
16.0 1014 162
28.0 1133 164
29.0 1464 170
32.0 1578 172
19.0 513 173
13.0 796 175
23.0 973 176
31.0 1411 178
34.0 1288 179
27.0 1065 184
27.0 915 186
21.0 924 189
24.0 1358 190
29.0 1433 196
16.0 1058 198
24.0 1323 199
20.0 623 200
16.0 394 202
28.0 1376 203
20.0 1186 210
9.0 502 224
9.0 370 225
24.0 1266 231
29.0 1213 255
25.0 1233 263
6.0 101 263
28.0 1024 291
19.0 984 304
22.0 1158 309
17.0 998 314
19.0 1100 316
6.0 298 316
14.0 907 328
23.0 1120 328
8.0 121 336
20.0 830 339
9.0 222 350
6.0 165 350
18.0 808 355
16.0 960 356
23.0 787 370
15.0 873 383
17.0 937 388
19.0 370 414
8.0 195 423
23.0 559 456
24.0 890 458
15.0 611 479
22.0 742 505
14.0 777 508
19.0 849 516
6.0 255 518
13.0 658 522
10.0 143 524
9.0 560 527
13.0 548 535
23.0 818 540
10.0 466 542
7.0 421 564
9.0 624 568
17.0 760 573
11.0 641 594
16.0 479 599
10.0 325 619
10.0 344 624
7.0 177 634
21.0 532 647
14.0 687 648
13.0 704 655
19.0 578 661
8.0 206 690
17.0 671 690
18.0 726 710
9.0 517 737
18.0 495 795
7.0 385 811
9.0 233 814
17.0 597 899
8.0 314 922
8.0 288 941
9.0 267 954
11.0 455 960
12.0 405 968
11.0 436 979
11.0 356 1050
