count nobl loc
42407 0.0 2
24190 0.0 3
19439 0.0 5
19102 0.0 4
14835 0.0 6
9949 0.0 7
8248 0.0 8
6847 0.0 9
5253 0.0 10
4143 0.0 11
3651 0.0 12
2881 0.0 13
2734 1.0 5
2716 1.0 4
2688 1.0 6
2491 0.0 14
2102 1.0 8
2035 1.0 7
1996 0.0 15
1867 1.0 10
1765 0.0 16
1739 1.0 9
1651 2.0 7
1614 1.0 2
1591 1.0 11
1571 1.0 3
1548 2.0 5
1536 2.0 6
1458 0.0 17
1414 2.0 8
1322 2.0 9
1260 0.0 18
1223 1.0 12
1211 2.0 10
1198 2.0 11
1079 2.0 13
1049 0.0 19
1031 2.0 12
1004 1.0 13
989 1.0 14
942 0.0 20
909 2.0 14
891 2.0 15
873 2.0 4
834 0.0 21
780 1.0 15
763 3.0 10
735 0.0 22
691 3.0 8
689 1.0 16
625 3.0 9
614 3.0 11
600 2.0 16
575 0.0 23
573 3.0 12
571 3.0 13
552 1.0 18
549 3.0 14
548 2.0 17
544 1.0 17
517 0.0 24
517 2.0 3
493 3.0 15
465 2.0 18
464 1.0 19
462 3.0 7
454 0.0 25
437 3.0 16
427 2.0 19
414 3.0 17
403 1.0 20
399 4.0 16
397 3.0 18
387 0.0 26
385 3.0 6
377 0.0 28
377 3.0 21
371 2.0 20
367 1.0 21
365 4.0 11
353 4.0 17
348 0.0 27
346 3.0 19
319 2.0 21
312 4.0 13
304 3.0 20
299 4.0 12
293 0.0 29
291 4.0 18
289 1.0 22
284 4.0 15
278 0.0 30
270 2.0 25
269 4.0 14
265 0.0 31
264 4.0 19
259 3.0 24
257 4.0 21
248 2.0 23
246 2.0 22
244 4.0 9
236 0.0 32
233 3.0 23
231 3.0 22
230 0.0 33
230 4.0 20
228 4.0 10
222 1.0 23
219 3.0 5
211 5.0 14
210 0.0 34
207 1.0 24
207 4.0 22
191 3.0 4
188 1.0 26
188 1.0 27
187 3.0 26
186 0.0 37
184 1.0 25
183 4.0 24
182 5.0 20
181 0.0 36
180 5.0 18
180 2.0 24
179 5.0 15
179 5.0 21
176 3.0 25
176 5.0 16
175 0.0 35
174 4.0 8
174 5.0 13
172 2.0 26
171 4.0 23
169 5.0 17
166 1.0 28
165 4.0 27
164 2.0 2
161 5.0 19
160 6.0 19
160 5.0 12
159 4.0 29
159 4.0 7
157 5.0 22
154 5.0 23
154 2.0 31
152 3.0 27
148 4.0 25
148 0.0 39
143 0.0 38
142 5.0 25
137 0.0 40
137 2.0 28
135 2.0 35
134 5.0 24
134 2.0 27
134 2.0 30
132 1.0 30
128 2.0 29
128 3.0 31
126 6.0 20
123 4.0 26
120 6.0 15
120 6.0 16
119 4.0 30
119 5.0 26
117 1.0 29
117 6.0 22
116 3.0 28
115 1.0 33
114 0.0 42
114 0.0 41
109 5.0 31
108 1.0 32
108 5.0 11
107 4.0 28
106 2.0 32
105 3.0 29
104 6.0 28
104 6.0 23
102 5.0 29
102 5.0 10
102 1.0 34
101 6.0 18
101 6.0 17
101 7.0 19
100 1.0 31
100 4.0 31
98 4.0 32
98 5.0 28
98 3.0 32
96 6.0 14
96 5.0 37
95 5.0 27
95 2.0 33
94 3.0 30
92 6.0 24
89 4.0 6
88 6.0 21
86 6.0 25
84 7.0 20
84 5.0 30
83 6.0 29
83 7.0 23
82 1.0 35
81 4.0 34
81 3.0 34
78 8.0 29
78 6.0 31
77 3.0 33
77 4.0 5
76 2.0 34
75 5.0 32
73 6.0 27
73 2.0 36
73 8.0 21
72 6.0 26
71 7.0 21
70 6.0 13
69 5.0 9
68 4.0 37
66 7.0 27
66 6.0 30
65 8.0 27
65 5.0 33
65 8.0 17
64 7.0 22
64 3.0 37
64 7.0 28
63 7.0 25
63 4.0 33
63 1.0 36
62 7.0 18
62 4.0 38
62 1.0 39
62 3.0 35
60 7.0 31
60 4.0 36
60 7.0 24
60 1.0 40
59 7.0 29
59 6.0 37
59 7.0 30
59 4.0 35
58 7.0 17
58 5.0 34
58 5.0 35
58 5.0 36
57 6.0 39
57 1.0 37
57 5.0 38
57 2.0 37
56 6.0 11
56 5.0 39
56 6.0 34
55 5.0 8
54 7.0 16
54 3.0 36
53 8.0 23
52 6.0 41
52 6.0 32
51 2.0 38
51 7.0 37
50 6.0 42
50 6.0 33
50 6.0 36
50 9.0 25
50 7.0 39
49 2.0 40
49 7.0 38
48 2.0 39
48 7.0 26
48 7.0 34
48 5.0 7
47 3.0 38
47 8.0 35
47 2.0 41
46 8.0 24
46 6.0 35
46 7.0 14
45 3.0 39
45 6.0 38
45 1.0 41
45 8.0 30
45 4.0 39
44 4.0 41
44 6.0 12
43 9.0 30
43 7.0 35
43 1.0 38
43 3.0 3
43 8.0 26
43 1.0 42
43 3.0 40
40 5.0 40
40 7.0 33
39 9.0 26
39 4.0 42
39 8.0 33
38 8.0 31
37 8.0 20
37 8.0 37
37 11.0 29
36 4.0 40
36 5.0 5
36 7.0 32
36 7.0 36
36 9.0 35
36 8.0 19
36 8.0 16
36 7.0 7
35 8.0 28
35 8.0 34
35 8.0 22
34 9.0 21
34 7.0 40
34 9.0 27
34 7.0 15
34 6.0 40
34 9.0 38
34 11.0 27
33 10.0 13
33 8.0 36
33 3.0 42
32 6.0 10
32 9.0 31
32 8.0 32
31 9.0 36
31 12.0 32
31 8.0 39
31 3.0 41
31 5.0 41
31 7.0 42
31 2.0 42
30 9.0 29
30 10.0 23
30 10.0 32
29 5.0 42
29 7.0 41
29 8.0 40
29 8.0 38
29 8.0 25
28 8.0 18
28 9.0 33
27 6.0 7
27 9.0 32
27 9.0 37
26 3.0 2
26 9.0 23
26 9.0 41
25 5.0 6
25 12.0 14
25 8.0 42
25 9.0 40
24 9.0 28
24 8.0 15
24 10.0 39
23 6.0 9
22 4.0 4
21 10.0 31
21 10.0 40
21 9.0 34
21 11.0 32
21 8.0 41
20 6.0 8
20 10.0 38
20 7.0 13
20 10.0 42
20 9.0 19
19 10.0 25
19 9.0 39
19 9.0 42
19 9.0 22
19 11.0 33
19 10.0 29
18 9.0 18
18 7.0 10
17 7.0 12
16 10.0 33
16 11.0 25
16 10.0 30
16 11.0 37
16 10.0 34
16 10.0 27
15 10.0 26
15 10.0 35
15 10.0 28
15 8.0 13
15 17.0 42
15 14.0 28
15 10.0 36
15 12.0 41
14 12.0 42
14 9.0 16
14 7.0 11
14 10.0 22
13 11.0 38
13 11.0 28
13 10.0 24
13 10.0 20
13 11.0 40
13 10.0 37
13 11.0 42
13 12.0 37
12 9.0 15
12 9.0 12
12 9.0 20
12 12.0 35
12 11.0 31
12 10.0 21
12 14.0 20
11 12.0 27
11 11.0 41
11 11.0 35
11 11.0 30
11 9.0 17
11 12.0 33
11 10.0 41
11 8.0 12
11 8.0 14
11 15.0 34
10 11.0 36
10 11.0 26
10 18.0 31
10 13.0 41
10 11.0 15
9 12.0 38
9 12.0 40
9 11.0 23
9 11.0 34
8 9.0 24
8 12.0 31
8 10.0 19
8 12.0 34
8 4.0 3
7 13.0 29
7 11.0 19
7 11.0 17
7 10.0 17
7 13.0 33
7 16.0 35
7 12.0 39
7 12.0 28
7 13.0 40
6 11.0 21
6 12.0 30
6 14.0 42
6 5.0 3
6 8.0 11
6 8.0 10
6 8.0 9
6 13.0 22
6 10.0 18
6 13.0 31
6 13.0 37
6 11.0 39
6 14.0 41
6 13.0 38
6 13.0 34
6 5.0 4
5 14.0 39
5 13.0 36
5 11.0 18
5 13.0 39
5 14.0 37
5 11.0 20
5 12.0 20
5 11.0 24
5 12.0 29
5 10.0 12
5 14.0 34
5 13.0 35
5 7.0 8
5 12.0 21
5 9.0 13
4 13.0 30
4 16.0 42
4 15.0 37
4 5.0 2
4 10.0 11
4 15.0 41
4 14.0 23
4 15.0 36
4 14.0 38
4 15.0 39
4 14.0 25
4 13.0 18
4 12.0 24
4 15.0 40
4 14.0 36
4 14.0 29
4 13.0 23
4 15.0 38
3 9.0 6
3 9.0 11
3 13.0 21
3 15.0 42
3 9.0 8
3 6.0 5
3 12.0 15
3 14.0 27
3 15.0 33
3 12.0 23
3 11.0 13
3 12.0 36
3 7.0 9
3 6.0 6
3 11.0 16
3 13.0 19
3 9.0 14
3 14.0 30
3 17.0 38
3 18.0 39
3 14.0 40
3 13.0 32
3 13.0 42
3 27.0 31
3 9.0 9
3 15.0 30
3 16.0 39
3 19.0 35
3 14.0 24
3 16.0 21
2 16.0 36
2 10.0 10
2 15.0 32
2 13.0 17
2 13.0 14
2 17.0 36
2 15.0 35
2 8.0 8
2 14.0 18
2 15.0 24
2 20.0 37
2 17.0 37
2 15.0 20
2 13.0 16
2 22.0 24
2 14.0 26
2 19.0 41
2 14.0 32
2 20.0 33
2 12.0 22
2 10.0 14
2 12.0 25
2 11.0 11
2 13.0 26
2 16.0 12
2 11.0 14
2 12.0 18
2 16.0 25
2 17.0 39
2 11.0 22
2 12.0 16
2 18.0 34
2 17.0 40
2 12.0 26
2 7.0 5
1 14.0 21
1 9.0 10
1 10.0 15
1 13.0 20
1 8.0 7
1 18.0 32
1 14.0 17
1 4.0 2
1 11.0 8
1 16.0 22
1 20.0 42
1 20.0 34
1 18.0 35
1 6.0 4
1 13.0 28
1 13.0 24
1 18.0 40
1 14.0 19
1 19.0 34
1 16.0 27
1 18.0 30
1 15.0 31
1 17.0 41
1 16.0 37
1 12.0 19
1 20.0 27
1 22.0 35
1 16.0 34
1 16.0 32
1 7.0 6
1 16.0 41
1 15.0 29
1 16.0 40
1 14.0 35
1 17.0 35
1 12.0 17
1 16.0 38
1 12.0 13
1 19.0 33
1 20.0 40
1 12.0 11
1 22.0 36
1 17.0 9
1 36.0 36
1 16.0 3
1 18.0 38
1 29.0 42
1 7.0 4
1 19.0 21
1 20.0 28
1 19.0 24
1 18.0 42
1 23.0 31
1 22.0 22
1 10.0 6
1 22.0 26
1 21.0 41
1 20.0 14
1 16.0 28
1 11.0 7
1 18.0 36
1 16.0 33
1 8.0 6
1 15.0 27
1 15.0 18
1 17.0 33
1 6.0 3
1 17.0 21
1 17.0 24
1 20.0 41
1 23.0 42
1 14.0 13
1 22.0 34
1 18.0 14
1 15.0 10
1 29.0 31
1 16.0 17
1 9.0 3
1 20.0 39
