loc coco count
6.0 0 1
7.0 3 1
70.0 17 1
24.0 7 1
14.0 8 1
20.0 7 1
34.0 10 1
68.0 12 1
80.0 28 1
36.0 12 1
4.0 2 1
124.0 115 1
75.0 3 1
28.0 0 1
14.0 12 1
25.0 14 1
96.0 26 1
46.0 19 1
59.0 48 1
41.0 29 1
72.0 52 1
104.0 28 1
43.0 31 1
75.0 7 1
56.0 13 1
30.0 14 1
39.0 13 1
46.0 15 1
29.0 25 1
32.0 16 1
120.0 55 1
21.0 12 1
40.0 6 1
58.0 31 1
43.0 17 1
43.0 18 1
42.0 22 1
36.0 18 1
13.0 5 1
86.0 69 1
59.0 26 1
27.0 7 1
33.0 10 1
29.0 12 1
10.0 10 1
198.0 84 1
20.0 14 1
41.0 18 1
28.0 33 1
37.0 24 1
139.0 39 1
34.0 22 1
105.0 25 1
45.0 25 1
38.0 7 1
49.0 12 1
55.0 2 1
58.0 8 1
41.0 8 1
47.0 25 1
37.0 11 1
29.0 22 1
24.0 6 1
43.0 35 1
39.0 5 1
77.0 28 1
41.0 21 1
36.0 22 1
40.0 8 1
90.0 69 1
24.0 4 1
60.0 1 1
24.0 11 1
141.0 78 1
46.0 9 1
26.0 3 1
28.0 13 1
17.0 21 1
46.0 14 1
31.0 24 1
46.0 6 1
14.0 11 1
32.0 22 1
38.0 8 1
69.0 2 1
31.0 5 1
258.0 204 1
76.0 56 1
20.0 9 1
28.0 15 1
45.0 10 1
55.0 14 1
29.0 17 1
21.0 16 1
113.0 74 1
39.0 12 1
47.0 20 1
83.0 18 1
129.0 77 1
243.0 9 1
22.0 16 1
92.0 4 1
62.0 0 1
59.0 14 1
22.0 15 1
38.0 13 1
54.0 22 1
125.0 15 1
36.0 5 1
109.0 37 1
170.0 57 1
65.0 4 1
60.0 18 1
100.0 11 1
47.0 5 1
81.0 25 1
60.0 11 1
65.0 15 1
51.0 38 1
71.0 0 1
33.0 4 1
35.0 12 1
66.0 39 1
49.0 26 1
41.0 17 1
67.0 25 1
101.0 54 1
55.0 46 1
58.0 12 1
32.0 20 1
20.0 16 1
57.0 0 1
74.0 0 1
54.0 2 1
50.0 11 1
75.0 4 1
92.0 27 1
27.0 16 1
51.0 30 1
64.0 0 1
59.0 20 1
186.0 63 1
31.0 21 1
61.0 44 1
84.0 24 1
36.0 14 1
83.0 63 1
50.0 15 1
51.0 28 1
70.0 79 1
41.0 26 1
145.0 63 1
39.0 0 1
30.0 20 1
53.0 11 1
66.0 32 1
40.0 23 1
157.0 33 1
44.0 13 1
205.0 7 1
42.0 7 1
27.0 26 1
46.0 17 1
86.0 22 1
58.0 28 1
87.0 9 1
61.0 14 1
37.0 3 1
50.0 36 1
78.0 44 1
3.0 5 1
95.0 18 1
56.0 0 1
82.0 76 1
66.0 38 1
55.0 6 1
54.0 26 1
76.0 20 1
134.0 51 1
43.0 4 1
24.0 12 1
39.0 11 1
63.0 10 1
54.0 11 1
41.0 27 1
54.0 0 1
99.0 3 1
18.0 13 1
111.0 80 1
72.0 11 1
58.0 5 1
98.0 19 1
56.0 19 1
50.0 0 1
74.0 32 1
82.0 37 1
35.0 11 1
171.0 17 1
38.0 37 1
33.0 20 1
70.0 48 1
57.0 25 1
39.0 18 1
50.0 19 1
62.0 10 1
78.0 29 1
89.0 21 1
72.0 16 1
46.0 4 1
123.0 61 1
11.0 12 1
78.0 12 1
43.0 2 1
50.0 2 1
69.0 25 1
140.0 18 1
41.0 14 1
109.0 109 1
123.0 27 1
58.0 1 1
53.0 53 1
83.0 5 1
53.0 18 1
77.0 25 1
46.0 10 1
53.0 21 1
97.0 6 1
123.0 9 1
68.0 13 1
67.0 51 1
67.0 8 1
83.0 29 1
227.0 0 1
32.0 9 1
60.0 31 1
97.0 47 1
40.0 13 1
44.0 36 1
92.0 1 1
30.0 22 1
76.0 4 1
55.0 0 1
61.0 59 1
31.0 18 1
38.0 0 1
30.0 24 1
71.0 12 1
120.0 53 1
98.0 38 1
34.0 20 1
77.0 21 1
56.0 7 1
127.0 42 1
63.0 65 1
102.0 20 1
66.0 30 1
34.0 4 1
49.0 43 1
72.0 29 1
29.0 18 1
63.0 48 1
160.0 20 1
65.0 11 1
56.0 32 1
17.0 6 1
98.0 20 1
34.0 12 1
48.0 17 1
44.0 20 1
53.0 27 1
140.0 44 1
41.0 41 1
145.0 53 1
192.0 56 1
117.0 45 1
69.0 27 1
67.0 0 1
47.0 18 1
31.0 11 1
144.0 26 1
176.0 35 1
60.0 26 1
36.0 21 1
18.0 16 1
30.0 25 1
60.0 39 1
120.0 181 1
90.0 32 1
61.0 4 1
15.0 17 1
125.0 31 1
118.0 31 1
63.0 33 1
40.0 0 1
53.0 2 1
52.0 46 1
113.0 88 1
20.0 19 1
50.0 29 1
69.0 14 1
61.0 22 1
77.0 43 1
28.0 24 1
62.0 49 1
108.0 39 1
21.0 20 1
69.0 22 1
108.0 2 1
31.0 25 1
32.0 25 1
29.0 16 1
48.0 29 1
25.0 8 1
95.0 24 1
138.0 12 1
76.0 19 1
37.0 41 1
26.0 6 1
40.0 38 1
30.0 6 1
139.0 67 1
110.0 67 1
52.0 79 1
34.0 24 1
73.0 43 1
39.0 22 1
82.0 19 1
65.0 12 1
51.0 21 1
65.0 29 1
234.0 59 1
49.0 29 1
82.0 61 1
104.0 58 1
49.0 25 1
35.0 4 1
24.0 14 1
71.0 18 1
36.0 0 1
15.0 22 1
110.0 22 1
70.0 7 1
55.0 21 1
136.0 22 1
42.0 41 1
80.0 1 1
59.0 22 1
65.0 30 1
27.0 21 1
54.0 24 1
43.0 33 1
75.0 26 1
65.0 2 1
60.0 78 1
49.0 4 1
69.0 43 1
91.0 73 1
167.0 65 1
28.0 19 1
85.0 17 1
64.0 34 1
93.0 39 1
49.0 15 1
52.0 36 1
109.0 112 1
50.0 40 1
83.0 23 1
199.0 52 1
85.0 1 1
110.0 36 1
121.0 21 1
44.0 24 1
71.0 20 1
161.0 40 1
55.0 22 1
11.0 7 1
36.0 28 1
78.0 18 1
84.0 42 1
111.0 38 1
91.0 37 1
13.0 12 1
62.0 32 1
54.0 30 1
62.0 29 1
73.0 26 1
47.0 32 1
57.0 7 1
29.0 0 1
45.0 29 1
77.0 22 1
78.0 7 1
53.0 0 1
37.0 37 1
68.0 26 1
39.0 3 1
64.0 15 1
46.0 28 1
47.0 28 1
50.0 1 1
59.0 58 1
72.0 33 1
17.0 12 1
52.0 23 1
24.0 1 1
418.0 178 1
50.0 35 1
28.0 16 1
70.0 49 1
84.0 60 1
67.0 21 1
14.0 9 1
10.0 9 1
74.0 14 1
162.0 56 1
63.0 19 1
85.0 20 1
65.0 39 1
78.0 0 1
74.0 76 1
57.0 44 1
29.0 26 1
40.0 21 1
66.0 12 1
143.0 24 1
215.0 108 1
37.0 9 1
70.0 38 1
52.0 1 1
84.0 19 1
141.0 14 1
46.0 5 1
37.0 10 1
35.0 18 1
112.0 52 1
61.0 1 1
65.0 21 1
62.0 5 1
14.0 13 1
117.0 55 1
16.0 9 1
30.0 21 1
62.0 78 1
109.0 54 1
472.0 729 1
124.0 162 1
69.0 20 1
151.0 19 1
86.0 42 1
45.0 34 1
42.0 20 1
67.0 40 1
59.0 55 1
64.0 13 1
71.0 82 1
47.0 8 1
57.0 3 1
64.0 73 1
73.0 35 1
205.0 72 1
53.0 19 1
42.0 38 1
33.0 19 1
96.0 9 1
59.0 33 1
47.0 1 1
75.0 2 1
86.0 30 1
75.0 53 1
143.0 153 1
50.0 18 1
137.0 41 1
51.0 25 1
70.0 26 1
313.0 76 1
33.0 11 1
4.0 10 1
62.0 7 1
79.0 13 1
49.0 44 1
2.0 1 1
21.0 11 1
39.0 19 1
21.0 17 1
50.0 42 1
175.0 119 1
23.0 20 1
67.0 36 1
73.0 22 1
92.0 58 1
83.0 31 1
125.0 59 1
111.0 113 1
15.0 13 1
16.0 22 1
38.0 39 1
49.0 24 1
75.0 50 1
60.0 7 1
14.0 15 1
132.0 30 1
34.0 27 1
43.0 27 1
50.0 28 1
57.0 33 1
73.0 69 1
100.0 40 1
58.0 4 1
60.0 4 1
37.0 26 1
168.0 34 1
103.0 133 1
102.0 19 1
34.0 28 1
71.0 28 1
107.0 36 1
53.0 29 1
65.0 62 1
52.0 7 1
53.0 23 1
69.0 9 1
58.0 23 1
162.0 121 1
53.0 7 1
33.0 36 1
63.0 29 1
48.0 19 1
58.0 22 1
74.0 46 1
49.0 5 1
81.0 30 1
146.0 10 1
68.0 38 1
17.0 10 1
62.0 45 1
39.0 29 1
49.0 2 1
35.0 26 1
74.0 12 1
78.0 24 1
5.0 6 1
132.0 57 1
68.0 4 1
198.0 120 1
134.0 42 1
64.0 14 1
86.0 31 1
112.0 5 1
142.0 46 1
166.0 92 1
31.0 33 1
70.0 40 1
19.0 14 1
44.0 28 1
63.0 41 1
86.0 37 1
79.0 3 1
81.0 12 1
106.0 72 1
43.0 9 1
66.0 7 1
20.0 13 1
64.0 18 1
212.0 148 1
59.0 11 1
54.0 23 1
103.0 60 1
52.0 5 1
106.0 29 1
79.0 21 1
43.0 29 1
130.0 63 1
151.0 54 1
80.0 26 1
18.0 7 1
38.0 35 1
264.0 152 1
87.0 107 1
52.0 4 1
169.0 124 1
65.0 26 1
63.0 63 1
93.0 5 1
64.0 35 1
63.0 24 1
88.0 31 1
85.0 92 1
47.0 38 1
146.0 59 1
7.0 7 1
49.0 27 1
6.0 3 1
73.0 30 1
79.0 76 1
50.0 33 1
140.0 46 1
53.0 36 1
69.0 1 1
174.0 93 1
49.0 20 1
72.0 0 1
247.0 4 1
55.0 28 1
61.0 16 1
102.0 39 1
164.0 130 1
72.0 60 1
109.0 28 1
75.0 31 1
87.0 101 1
83.0 28 1
61.0 2 1
28.0 21 1
69.0 12 1
125.0 87 1
58.0 36 1
115.0 54 1
84.0 12 1
87.0 92 1
42.0 25 1
637.0 18 1
18.0 21 1
109.0 38 1
37.0 29 1
54.0 33 1
104.0 16 1
32.0 23 1
59.0 28 1
128.0 40 1
80.0 14 1
158.0 3 1
110.0 70 1
188.0 30 1
72.0 30 1
96.0 34 1
136.0 4 1
48.0 46 1
149.0 29 1
66.0 0 1
69.0 4 1
67.0 35 1
85.0 19 1
115.0 67 1
58.0 3 1
86.0 47 1
62.0 25 1
62.0 18 1
59.0 9 1
62.0 50 1
875.0 21 1
186.0 5 1
10.0 13 1
69.0 16 1
116.0 109 1
12.0 10 1
97.0 3 1
94.0 2 1
557.0 11 1
276.0 5 1
76.0 14 1
135.0 36 1
16.0 1 1
87.0 105 1
58.0 18 1
53.0 37 1
43.0 13 1
66.0 5 1
243.0 194 1
33.0 2 1
207.0 8 1
96.0 5 1
46.0 21 1
134.0 35 1
54.0 16 1
156.0 0 1
76.0 0 1
79.0 31 1
390.0 5 1
21.0 19 1
68.0 33 1
71.0 46 1
106.0 34 1
52.0 6 1
63.0 9 1
92.0 3 1
68.0 11 1
55.0 41 1
42.0 4 1
63.0 18 1
642.0 16 1
704.0 19 1
47.0 10 1
123.0 100 1
57.0 2 1
39.0 7 1
207.0 81 1
66.0 35 1
379.0 3 1
157.0 86 1
78.0 20 1
113.0 63 1
82.0 29 1
304.0 155 1
146.0 11 1
438.0 15 1
95.0 30 1
139.0 56 1
246.0 5 1
64.0 3 1
84.0 27 1
45.0 31 1
4.0 6 1
133.0 1 1
314.0 35 1
211.0 0 1
24.0 17 1
96.0 84 1
104.0 52 1
67.0 38 1
66.0 27 1
89.0 26 1
361.0 220 1
197.0 94 1
60.0 19 1
95.0 12 1
277.0 8 1
19.0 8 1
105.0 31 1
60.0 17 1
298.0 6 1
83.0 3 1
35.0 34 1
49.0 42 1
308.0 5 1
73.0 5 1
64.0 10 1
125.0 3 1
131.0 71 1
81.0 51 1
67.0 28 1
71.0 38 1
111.0 57 1
207.0 121 1
35.0 23 1
184.0 61 1
66.0 10 1
64.0 23 1
82.0 27 1
45.0 32 1
61.0 49 1
23.0 18 1
797.0 8 1
83.0 0 1
70.0 36 1
56.0 12 1
125.0 21 1
21.0 1 1
44.0 39 1
59.0 52 1
15.0 6 1
46.0 27 1
77.0 94 1
54.0 17 1
57.0 21 1
54.0 4 1
108.0 65 1
43.0 30 1
108.0 78 1
46.0 1 1
66.0 9 1
51.0 33 1
77.0 9 1
63.0 50 1
87.0 0 1
88.0 4 1
112.0 14 1
40.0 12 1
54.0 43 1
85.0 11 1
53.0 52 1
123.0 29 1
32.0 33 1
52.0 10 1
169.0 8 1
53.0 50 1
53.0 16 1
22.0 28 1
155.0 81 1
50.0 55 1
106.0 3 1
540.0 4 1
103.0 59 1
93.0 43 1
56.0 20 1
156.0 54 1
61.0 3 1
95.0 5 1
118.0 3 1
62.0 8 1
178.0 10 1
57.0 43 1
126.0 11 1
85.0 47 1
58.0 19 1
31.0 30 1
46.0 35 1
68.0 57 1
29.0 23 1
744.0 9 1
46.0 33 1
72.0 3 1
67.0 4 1
74.0 55 1
148.0 12 1
149.0 117 1
42.0 30 1
85.0 13 1
140.0 106 1
47.0 29 1
2.0 2 1
57.0 10 1
104.0 80 1
101.0 0 1
613.0 3 1
114.0 34 1
59.0 21 1
84.0 0 1
470.0 14 1
556.0 12 1
276.0 254 1
219.0 11 1
71.0 25 1
49.0 13 1
19.0 20 1
95.0 2 1
167.0 174 1
53.0 22 1
61.0 31 1
98.0 1 1
82.0 25 1
60.0 10 1
116.0 41 1
40.0 40 1
88.0 22 1
128.0 3 1
48.0 10 1
38.0 26 1
65.0 43 1
79.0 34 1
40.0 28 1
64.0 11 1
64.0 7 1
71.0 19 1
73.0 14 1
81.0 38 1
61.0 28 1
94.0 37 1
45.0 51 1
72.0 6 1
286.0 3 1
79.0 0 1
22.0 29 1
128.0 31 1
76.0 45 1
56.0 29 1
69.0 31 1
95.0 64 1
66.0 43 1
68.0 35 1
103.0 27 1
171.0 69 1
42.0 19 1
79.0 24 1
69.0 0 1
16.0 14 1
153.0 5 1
74.0 34 1
90.0 10 1
151.0 164 1
54.0 10 1
212.0 0 1
239.0 3 1
70.0 37 1
25.0 27 1
81.0 34 1
223.0 103 1
71.0 26 1
104.0 32 1
142.0 211 1
82.0 10 1
57.0 37 1
47.0 33 1
111.0 31 1
66.0 13 1
181.0 28 1
289.0 294 1
142.0 6 1
37.0 27 1
55.0 20 1
67.0 61 1
77.0 20 1
176.0 93 1
54.0 28 1
75.0 0 1
66.0 62 1
70.0 19 1
15.0 20 1
84.0 13 1
34.0 16 1
249.0 3 1
87.0 97 1
74.0 2 1
87.0 76 1
66.0 51 1
76.0 5 1
178.0 73 1
28.0 17 1
58.0 40 1
65.0 25 1
8.0 10 1
56.0 38 1
93.0 6 1
397.0 334 1
108.0 22 1
126.0 4 1
118.0 10 1
89.0 74 1
239.0 1 1
72.0 2 1
43.0 41 1
37.0 31 1
79.0 27 1
64.0 17 1
46.0 31 1
98.0 53 1
78.0 42 1
46.0 36 1
81.0 41 1
82.0 35 1
63.0 22 1
101.0 55 1
86.0 66 1
114.0 11 1
29.0 28 1
127.0 33 1
80.0 54 1
82.0 39 1
406.0 5 1
125.0 24 1
60.0 32 1
100.0 4 1
61.0 43 1
80.0 12 1
61.0 37 1
151.0 16 1
68.0 63 1
115.0 35 1
37.0 18 1
370.0 3 1
79.0 6 1
49.0 11 1
80.0 46 1
58.0 0 1
115.0 19 1
68.0 52 1
55.0 59 1
82.0 21 1
95.0 95 1
89.0 34 1
24.0 20 1
72.0 68 1
69.0 15 1
81.0 57 1
84.0 22 1
98.0 11 1
79.0 17 1
617.0 3 1
118.0 52 1
96.0 61 1
10.0 12 1
32.0 19 1
92.0 5 1
133.0 5 1
71.0 22 1
22.0 20 1
77.0 38 1
91.0 30 1
58.0 29 1
110.0 25 1
104.0 18 1
234.0 5 1
110.0 1 1
87.0 31 1
11.0 4 1
66.0 47 1
60.0 45 1
63.0 1 1
85.0 49 1
70.0 27 1
145.0 14 1
13.0 14 1
84.0 6 1
85.0 30 1
27.0 12 1
479.0 4 1
55.0 56 1
85.0 28 1
52.0 20 1
76.0 36 1
360.0 137 1
55.0 23 1
73.0 63 1
281.0 8 1
57.0 19 1
41.0 45 1
107.0 19 1
44.0 29 1
57.0 13 1
276.0 3 1
59.0 10 1
53.0 33 1
47.0 16 1
81.0 7 1
92.0 33 1
79.0 1 1
24.0 26 1
185.0 6 1
85.0 58 1
42.0 36 1
84.0 58 1
71.0 35 1
133.0 49 1
68.0 8 1
81.0 20 1
52.0 3 1
36.0 6 1
750.0 17 1
290.0 206 1
80.0 18 1
21.0 22 1
111.0 99 1
137.0 55 1
104.0 39 1
143.0 107 1
17.0 14 1
76.0 57 1
127.0 92 1
114.0 1 1
150.0 91 1
76.0 37 1
38.0 16 1
90.0 14 1
64.0 37 1
140.0 93 1
6.0 11 1
63.0 34 1
173.0 36 1
44.0 37 1
130.0 57 1
75.0 33 1
262.0 31 1
198.0 77 1
93.0 0 1
83.0 17 1
170.0 3 1
205.0 81 1
134.0 72 1
214.0 2 1
53.0 28 1
92.0 39 1
296.0 131 1
117.0 29 1
222.0 23 1
137.0 86 1
104.0 0 1
103.0 73 1
84.0 32 1
43.0 32 1
96.0 46 1
97.0 43 1
288.0 178 1
185.0 3 1
68.0 46 1
63.0 28 1
535.0 17 1
783.0 12 1
148.0 0 1
128.0 0 1
61.0 7 1
110.0 153 1
67.0 18 1
115.0 93 1
125.0 66 1
100.0 35 1
53.0 57 1
73.0 15 1
119.0 3 1
66.0 84 1
135.0 5 1
33.0 41 1
125.0 41 1
73.0 19 1
92.0 43 1
66.0 1 1
62.0 17 1
105.0 18 1
118.0 50 1
207.0 90 1
75.0 42 1
64.0 26 1
118.0 48 1
85.0 25 1
60.0 60 1
54.0 7 1
120.0 28 1
293.0 4 1
87.0 34 1
70.0 18 1
175.0 0 1
148.0 1 1
39.0 1 1
95.0 21 1
92.0 105 1
30.0 43 1
31.0 26 1
60.0 0 1
75.0 39 1
69.0 26 1
27.0 28 1
157.0 107 1
214.0 3 1
85.0 0 1
58.0 38 1
63.0 27 1
77.0 45 1
70.0 5 1
50.0 5 1
150.0 83 1
79.0 22 1
100.0 14 1
139.0 146 1
162.0 82 1
158.0 0 1
77.0 62 1
106.0 49 1
11.0 10 1
79.0 81 1
81.0 23 1
115.0 72 1
127.0 66 1
27.0 15 1
89.0 19 1
164.0 47 1
55.0 24 1
202.0 36 1
167.0 182 1
240.0 192 1
45.0 15 1
37.0 23 1
197.0 102 1
465.0 0 1
58.0 26 1
72.0 21 1
82.0 4 1
88.0 15 1
70.0 22 1
69.0 70 1
152.0 19 1
79.0 43 1
65.0 23 1
722.0 8 1
47.0 12 1
70.0 30 1
33.0 29 1
91.0 56 1
66.0 22 1
168.0 6 1
67.0 2 1
112.0 147 1
189.0 105 1
83.0 13 1
35.0 35 1
33.0 35 1
75.0 20 1
80.0 48 1
198.0 97 1
62.0 24 1
78.0 19 1
5.0 5 1
43.0 34 1
51.0 10 1
177.0 42 1
67.0 15 1
35.0 25 1
100.0 3 1
607.0 20 1
66.0 16 1
114.0 32 1
44.0 44 1
447.0 9 1
75.0 29 1
281.0 0 1
72.0 51 1
13.0 15 1
76.0 49 1
146.0 36 1
75.0 38 1
146.0 3 1
205.0 114 1
78.0 22 1
146.0 24 1
74.0 24 1
60.0 15 1
135.0 19 1
74.0 35 1
26.0 20 1
79.0 23 1
51.0 5 1
94.0 16 1
142.0 75 1
220.0 135 1
75.0 23 1
118.0 135 1
102.0 0 1
36.0 24 1
27.0 4 1
61.0 30 1
57.0 17 1
37.0 28 1
129.0 144 1
199.0 218 1
45.0 26 1
43.0 22 1
155.0 46 1
79.0 83 1
736.0 20 1
69.0 64 1
37.0 25 1
61.0 5 1
96.0 40 1
83.0 22 1
83.0 25 1
150.0 77 1
120.0 22 1
12.0 15 1
69.0 35 1
75.0 68 1
212.0 80 1
66.0 34 1
207.0 78 1
135.0 146 1
91.0 63 1
110.0 3 1
97.0 17 1
199.0 92 1
32.0 0 1
89.0 43 1
60.0 59 1
142.0 3 1
107.0 60 1
73.0 27 1
31.0 31 1
554.0 0 1
36.0 34 1
110.0 55 1
19.0 16 1
228.0 39 1
93.0 55 1
6.0 4 1
49.0 17 1
100.0 5 1
147.0 24 1
73.0 62 1
123.0 63 1
250.0 150 1
172.0 163 1
67.0 41 1
79.0 12 1
119.0 97 1
123.0 40 1
53.0 38 1
90.0 62 1
57.0 54 1
111.0 61 1
67.0 46 1
86.0 40 1
135.0 3 1
165.0 108 1
73.0 39 1
57.0 76 1
63.0 15 1
63.0 42 1
119.0 66 1
79.0 60 1
76.0 32 2
23.0 6 2
30.0 3 2
4.0 0 2
29.0 5 2
11.0 3 2
28.0 3 2
27.0 3 2
22.0 1 2
45.0 13 2
26.0 10 2
29.0 8 2
31.0 7 2
58.0 2 2
56.0 2 2
15.0 1 2
18.0 4 2
8.0 3 2
28.0 7 2
26.0 17 2
13.0 7 2
27.0 8 2
21.0 10 2
35.0 17 2
7.0 4 2
14.0 6 2
39.0 16 2
18.0 11 2
38.0 21 2
26.0 11 2
8.0 6 2
116.0 50 2
36.0 11 2
7.0 6 2
50.0 10 2
36.0 9 2
30.0 8 2
31.0 3 2
33.0 24 2
29.0 1 2
42.0 18 2
31.0 0 2
3.0 3 2
18.0 9 2
34.0 6 2
57.0 14 2
36.0 23 2
17.0 11 2
43.0 21 2
16.0 16 2
51.0 3 2
44.0 35 2
36.0 10 2
86.0 51 2
37.0 6 2
33.0 9 2
131.0 65 2
54.0 38 2
13.0 6 2
40.0 16 2
44.0 23 2
54.0 32 2
43.0 14 2
29.0 3 2
22.0 2 2
95.0 34 2
48.0 3 2
126.0 26 2
40.0 5 2
27.0 6 2
5.0 3 2
14.0 5 2
53.0 30 2
32.0 1 2
41.0 23 2
52.0 18 2
92.0 23 2
29.0 19 2
56.0 14 2
49.0 23 2
39.0 41 2
96.0 32 2
39.0 10 2
32.0 15 2
51.0 4 2
38.0 3 2
27.0 17 2
34.0 15 2
30.0 1 2
35.0 9 2
29.0 34 2
55.0 8 2
20.0 3 2
23.0 16 2
34.0 23 2
28.0 20 2
28.0 1 2
89.0 10 2
40.0 14 2
39.0 25 2
7.0 5 2
28.0 11 2
14.0 2 2
37.0 13 2
95.0 63 2
73.0 3 2
42.0 17 2
33.0 25 2
58.0 24 2
21.0 6 2
61.0 51 2
15.0 7 2
91.0 29 2
47.0 0 2
41.0 30 2
44.0 12 2
99.0 44 2
13.0 13 2
41.0 10 2
76.0 33 2
10.0 7 2
57.0 35 2
28.0 22 2
45.0 14 2
35.0 13 2
115.0 3 2
32.0 21 2
27.0 25 2
55.0 51 2
17.0 2 2
183.0 32 2
13.0 10 2
66.0 24 2
15.0 16 2
20.0 12 2
36.0 4 2
84.0 29 2
68.0 30 2
38.0 2 2
146.0 50 2
52.0 2 2
44.0 30 2
59.0 17 2
41.0 25 2
55.0 38 2
59.0 3 2
72.0 19 2
43.0 10 2
64.0 16 2
27.0 31 2
38.0 5 2
20.0 2 2
45.0 62 2
51.0 9 2
105.0 56 2
75.0 17 2
74.0 36 2
35.0 22 2
26.0 16 2
47.0 6 2
57.0 6 2
27.0 22 2
45.0 7 2
43.0 20 2
41.0 15 2
50.0 17 2
123.0 0 2
58.0 25 2
44.0 16 2
16.0 13 2
126.0 40 2
42.0 24 2
22.0 6 2
56.0 34 2
37.0 19 2
49.0 37 2
75.0 13 2
52.0 16 2
51.0 7 2
51.0 24 2
43.0 16 2
8.0 4 2
28.0 14 2
68.0 21 2
40.0 20 2
50.0 26 2
51.0 13 2
46.0 32 2
8.0 5 2
50.0 3 2
55.0 1 2
71.0 45 2
51.0 17 2
15.0 10 2
221.0 133 2
41.0 6 2
53.0 4 2
142.0 87 2
54.0 153 2
65.0 9 2
41.0 34 2
44.0 8 2
26.0 21 2
70.0 28 2
165.0 0 2
44.0 17 2
22.0 14 2
41.0 35 2
76.0 29 2
58.0 21 2
62.0 12 2
42.0 35 2
84.0 165 2
46.0 11 2
40.0 19 2
50.0 21 2
73.0 16 2
54.0 14 2
48.0 16 2
51.0 29 2
47.0 24 2
91.0 20 2
32.0 18 2
71.0 8 2
68.0 19 2
66.0 28 2
78.0 58 2
33.0 23 2
3.0 4 2
100.0 59 2
66.0 68 2
21.0 15 2
56.0 1 2
14.0 10 2
73.0 0 2
37.0 21 2
41.0 22 2
25.0 21 2
75.0 18 2
45.0 9 2
23.0 24 2
66.0 36 2
46.0 23 2
22.0 22 2
34.0 26 2
60.0 25 2
22.0 19 2
66.0 20 2
34.0 19 2
55.0 5 2
131.0 128 2
59.0 32 2
40.0 1 2
30.0 17 2
121.0 40 2
78.0 40 2
56.0 42 2
48.0 48 2
58.0 42 2
69.0 7 2
141.0 138 2
34.0 1 2
42.0 3 2
23.0 7 2
44.0 6 2
64.0 31 2
31.0 19 2
38.0 19 2
62.0 28 2
45.0 28 2
89.0 24 2
42.0 32 2
93.0 47 2
42.0 16 2
137.0 137 2
48.0 6 2
79.0 38 2
39.0 23 2
121.0 19 2
109.0 41 2
52.0 48 2
88.0 35 2
18.0 14 2
17.0 13 2
35.0 3 2
52.0 14 2
255.0 176 2
33.0 22 2
70.0 23 2
94.0 62 2
64.0 28 2
54.0 18 2
53.0 15 2
43.0 8 2
71.0 41 2
60.0 3 2
67.0 32 2
91.0 55 2
41.0 9 2
45.0 33 2
64.0 27 2
58.0 34 2
54.0 20 2
83.0 41 2
131.0 125 2
15.0 14 2
62.0 27 2
92.0 32 2
82.0 7 2
94.0 43 2
74.0 21 2
126.0 2 2
265.0 104 2
31.0 1 2
152.0 48 2
66.0 21 2
47.0 47 2
58.0 37 2
27.0 20 2
39.0 38 2
149.0 3 2
9.0 4 2
68.0 45 2
124.0 35 2
71.0 33 2
25.0 28 2
84.0 8 2
138.0 119 2
12.0 12 2
67.0 9 2
15.0 15 2
85.0 56 2
41.0 28 2
53.0 12 2
62.0 1 2
49.0 36 2
69.0 8 2
143.0 56 2
9.0 8 2
131.0 62 2
49.0 18 2
93.0 92 2
60.0 22 2
77.0 52 2
31.0 14 2
72.0 46 2
62.0 26 2
39.0 24 2
49.0 28 2
161.0 132 2
36.0 29 2
53.0 62 2
45.0 3 2
55.0 47 2
6.0 8 2
141.0 41 2
71.0 44 2
48.0 2 2
85.0 24 2
54.0 29 2
84.0 20 2
44.0 2 2
64.0 29 2
72.0 41 2
49.0 22 2
40.0 10 2
80.0 38 2
92.0 52 2
34.0 18 2
52.0 21 2
48.0 20 2
45.0 46 2
13.0 28 2
99.0 80 2
78.0 32 2
22.0 21 2
55.0 3 2
84.0 23 2
65.0 7 2
56.0 22 2
68.0 32 2
108.0 59 2
32.0 11 2
157.0 67 2
106.0 52 2
62.0 35 2
75.0 19 2
85.0 2 2
50.0 49 2
102.0 89 2
139.0 47 2
46.0 16 2
49.0 10 2
46.0 18 2
126.0 3 2
97.0 22 2
20.0 24 2
35.0 19 2
132.0 159 2
46.0 3 2
57.0 23 2
167.0 29 2
77.0 31 2
48.0 1 2
74.0 22 2
45.0 5 2
25.0 11 2
100.0 96 2
87.0 6 2
19.0 18 2
46.0 0 2
4.0 3 2
85.0 42 2
26.0 23 2
77.0 15 2
15.0 9 2
58.0 27 2
246.0 84 2
55.0 18 2
200.0 55 2
80.0 60 2
83.0 42 2
19.0 17 2
81.0 37 2
40.0 30 2
30.0 13 2
111.0 5 2
56.0 4 2
87.0 2 2
70.0 14 2
63.0 37 2
55.0 25 2
91.0 61 2
61.0 13 2
118.0 70 2
70.0 43 2
26.0 22 2
78.0 47 2
124.0 49 2
122.0 52 2
53.0 17 2
27.0 13 2
198.0 88 2
80.0 47 2
125.0 79 2
58.0 39 2
65.0 0 2
78.0 11 2
133.0 8 2
71.0 1 2
1958.0 120 2
81.0 47 2
44.0 50 2
63.0 14 2
57.0 16 2
6.0 10 2
98.0 34 2
63.0 13 2
70.0 33 2
91.0 10 2
81.0 28 2
86.0 92 2
120.0 3 2
77.0 24 2
57.0 27 2
57.0 34 2
78.0 35 2
505.0 1 2
80.0 35 2
129.0 55 2
95.0 79 2
44.0 53 2
64.0 59 2
77.0 18 2
1073.0 22 2
66.0 17 2
39.0 40 2
82.0 56 2
135.0 7 2
80.0 44 2
103.0 67 2
35.0 32 2
157.0 61 2
55.0 11 2
41.0 37 2
45.0 4 2
75.0 21 2
48.0 15 2
182.0 33 2
34.0 33 2
37.0 16 2
7.0 9 2
42.0 21 2
57.0 12 2
104.0 48 2
54.0 25 2
144.0 59 2
175.0 61 2
147.0 0 2
186.0 80 2
31.0 20 2
115.0 8 2
25.0 20 2
140.0 2 2
68.0 1 2
121.0 39 2
415.0 37 2
135.0 0 2
11.0 8 2
21.0 18 2
30.0 26 2
50.0 47 2
114.0 3 2
85.0 7 2
59.0 31 2
292.0 11 2
57.0 30 2
65.0 8 2
18.0 18 2
131.0 60 2
45.0 24 2
55.0 31 2
725.0 18 2
31.0 36 2
59.0 12 2
134.0 178 2
155.0 125 2
56.0 21 2
47.0 4 2
61.0 18 2
30.0 38 2
12.0 8 2
61.0 25 2
157.0 20 2
81.0 15 2
194.0 12 2
60.0 16 2
52.0 32 2
74.0 77 2
39.0 20 2
17.0 16 2
128.0 148 2
111.0 65 2
55.0 32 2
855.0 1 2
133.0 54 2
187.0 73 2
181.0 76 2
67.0 44 2
129.0 14 2
55.0 30 2
83.0 37 2
280.0 0 2
24.0 25 2
171.0 11 2
325.0 5 2
107.0 62 2
51.0 15 2
97.0 46 2
97.0 67 2
131.0 61 2
61.0 34 2
122.0 50 2
47.0 27 2
355.0 41 2
1051.0 15 2
76.0 25 2
87.0 11 2
167.0 48 2
18.0 10 2
50.0 8 2
120.0 15 2
79.0 58 2
49.0 39 2
75.0 5 2
411.0 14 2
18.0 15 2
41.0 16 2
45.0 40 2
27.0 10 2
105.0 71 2
264.0 5 2
94.0 103 2
139.0 46 2
114.0 9 2
36.0 19 2
51.0 45 2
52.0 15 2
95.0 11 2
65.0 51 2
66.0 15 2
32.0 28 2
47.0 14 2
63.0 3 2
82.0 30 2
84.0 16 2
106.0 2 2
45.0 42 2
70.0 16 2
69.0 63 2
80.0 2 2
94.0 29 2
101.0 23 2
35.0 8 3
11.0 2 3
10.0 2 3
19.0 0 3
31.0 2 3
17.0 4 3
137.0 39 3
9.0 0 3
61.0 10 3
20.0 0 3
4.0 1 3
9.0 2 3
17.0 5 3
27.0 2 3
44.0 21 3
43.0 15 3
10.0 5 3
70.0 9 3
35.0 5 3
34.0 3 3
19.0 4 3
25.0 6 3
20.0 6 3
81.0 35 3
49.0 1 3
318.0 166 3
38.0 12 3
23.0 1 3
19.0 7 3
18.0 6 3
23.0 9 3
74.0 3 3
90.0 46 3
30.0 4 3
39.0 6 3
37.0 0 3
16.0 6 3
39.0 17 3
24.0 13 3
59.0 23 3
23.0 8 3
37.0 1 3
27.0 0 3
56.0 18 3
62.0 69 3
27.0 9 3
30.0 11 3
14.0 7 3
38.0 14 3
23.0 0 3
31.0 15 3
27.0 23 3
32.0 7 3
34.0 5 3
39.0 4 3
35.0 1 3
24.0 5 3
42.0 14 3
109.0 74 3
25.0 15 3
26.0 0 3
30.0 18 3
39.0 32 3
68.0 22 3
33.0 14 3
22.0 5 3
53.0 5 3
44.0 14 3
17.0 9 3
43.0 28 3
32.0 8 3
12.0 7 3
22.0 7 3
21.0 5 3
34.0 13 3
45.0 36 3
7.0 0 3
53.0 46 3
22.0 10 3
34.0 9 3
28.0 8 3
42.0 2 3
36.0 13 3
58.0 16 3
103.0 72 3
38.0 33 3
15.0 12 3
55.0 10 3
38.0 4 3
42.0 34 3
16.0 15 3
54.0 12 3
45.0 8 3
54.0 8 3
47.0 3 3
23.0 11 3
37.0 20 3
16.0 17 3
36.0 3 3
56.0 3 3
121.0 28 3
37.0 14 3
68.0 20 3
95.0 105 3
88.0 71 3
34.0 39 3
39.0 8 3
32.0 10 3
32.0 4 3
38.0 6 3
64.0 22 3
43.0 6 3
37.0 7 3
26.0 7 3
47.0 22 3
42.0 8 3
40.0 4 3
51.0 11 3
20.0 10 3
189.0 54 3
55.0 7 3
45.0 20 3
53.0 14 3
52.0 37 3
73.0 28 3
29.0 21 3
37.0 12 3
52.0 25 3
72.0 38 3
59.0 13 3
19.0 5 3
9.0 5 3
22.0 4 3
33.0 5 3
13.0 9 3
57.0 26 3
38.0 10 3
37.0 4 3
108.0 62 3
45.0 12 3
37.0 2 3
54.0 47 3
125.0 12 3
41.0 3 3
32.0 3 3
71.0 3 3
22.0 13 3
59.0 8 3
72.0 24 3
38.0 29 3
36.0 17 3
1.0 1 3
38.0 11 3
43.0 23 3
42.0 26 3
67.0 10 3
36.0 2 3
38.0 9 3
32.0 14 3
12.0 4 3
93.0 30 3
50.0 12 3
24.0 16 3
8.0 7 3
28.0 6 3
74.0 30 3
99.0 43 3
74.0 37 3
78.0 33 3
48.0 5 3
34.0 7 3
12.0 9 3
86.0 23 3
50.0 24 3
43.0 26 3
93.0 61 3
48.0 21 3
10.0 8 3
25.0 22 3
228.0 100 3
66.0 3 3
65.0 10 3
43.0 25 3
26.0 19 3
36.0 15 3
73.0 24 3
41.0 38 3
47.0 45 3
48.0 9 3
36.0 1 3
52.0 24 3
40.0 26 3
139.0 3 3
65.0 17 3
110.0 29 3
44.0 1 3
31.0 10 3
45.0 30 3
58.0 33 3
58.0 10 3
51.0 14 3
72.0 48 3
37.0 8 3
114.0 47 3
19.0 10 3
38.0 17 3
74.0 38 3
21.0 13 3
319.0 94 3
35.0 0 3
71.0 48 3
60.0 34 3
49.0 16 3
82.0 24 3
81.0 0 3
49.0 8 3
53.0 35 3
63.0 21 3
29.0 32 3
58.0 13 3
41.0 2 3
85.0 26 3
91.0 28 3
19.0 13 3
104.0 22 3
48.0 24 3
56.0 44 3
33.0 7 3
79.0 40 3
71.0 17 3
83.0 24 3
35.0 15 3
52.0 47 3
30.0 7 3
61.0 56 3
38.0 20 3
28.0 18 3
95.0 8 3
71.0 9 3
42.0 11 3
64.0 2 3
93.0 67 3
45.0 22 3
46.0 13 3
63.0 61 3
29.0 7 3
54.0 35 3
43.0 0 3
25.0 26 3
95.0 101 3
79.0 35 3
71.0 7 3
58.0 41 3
56.0 56 3
17.0 7 3
65.0 35 3
107.0 15 3
238.0 20 3
83.0 53 3
69.0 61 3
35.0 28 3
83.0 59 3
25.0 13 3
31.0 29 3
47.0 36 3
64.0 9 3
36.0 25 3
71.0 6 3
59.0 39 3
52.0 0 3
45.0 18 3
95.0 20 3
44.0 5 3
80.0 17 3
52.0 17 3
43.0 11 3
41.0 7 3
70.0 1 3
80.0 29 3
131.0 63 3
93.0 88 3
56.0 17 3
33.0 21 3
133.0 37 3
61.0 17 3
87.0 40 3
27.0 5 3
45.0 39 3
92.0 41 3
78.0 48 3
45.0 23 3
53.0 24 3
44.0 10 3
177.0 69 3
309.0 364 3
58.0 17 3
71.0 31 3
67.0 19 3
71.0 47 3
51.0 6 3
51.0 22 3
76.0 18 3
43.0 7 3
38.0 23 3
218.0 137 3
193.0 91 3
47.0 54 3
64.0 19 3
55.0 9 3
58.0 6 3
67.0 1 3
45.0 21 3
63.0 5 3
63.0 45 3
229.0 4 3
66.0 26 3
44.0 34 3
63.0 20 3
30.0 19 3
37.0 40 3
70.0 29 3
65.0 31 3
183.0 3 3
117.0 34 3
155.0 9 3
3.0 1 4
29.0 2 4
115.0 10 4
35.0 2 4
16.0 4 4
12.0 2 4
2.0 0 4
18.0 1 4
29.0 15 4
12.0 0 4
17.0 3 4
29.0 10 4
26.0 1 4
33.0 12 4
19.0 1 4
29.0 4 4
21.0 3 4
15.0 4 4
26.0 5 4
11.0 5 4
38.0 30 4
31.0 9 4
51.0 19 4
12.0 3 4
56.0 33 4
21.0 2 4
25.0 10 4
31.0 6 4
18.0 12 4
47.0 17 4
36.0 7 4
212.0 75 4
29.0 13 4
22.0 12 4
25.0 0 4
13.0 11 4
26.0 12 4
37.0 15 4
16.0 7 4
122.0 70 4
23.0 12 4
20.0 5 4
56.0 11 4
25.0 3 4
33.0 17 4
59.0 30 4
12.0 5 4
28.0 5 4
5.0 2 4
59.0 37 4
25.0 5 4
6.0 2 4
66.0 33 4
23.0 4 4
36.0 8 4
60.0 27 4
16.0 12 4
18.0 5 4
24.0 2 4
42.0 0 4
29.0 6 4
28.0 10 4
11.0 6 4
38.0 25 4
18.0 0 4
24.0 15 4
18.0 3 4
29.0 9 4
31.0 16 4
89.0 0 4
53.0 95 4
41.0 0 4
6.0 5 4
24.0 22 4
36.0 16 4
88.0 12 4
19.0 6 4
24.0 10 4
19.0 12 4
48.0 22 4
40.0 11 4
23.0 5 4
25.0 7 4
34.0 2 4
70.0 6 4
69.0 29 4
33.0 0 4
15.0 11 4
31.0 13 4
48.0 8 4
30.0 23 4
55.0 12 4
33.0 31 4
51.0 12 4
31.0 8 4
74.0 10 4
65.0 22 4
28.0 23 4
16.0 5 4
125.0 34 4
48.0 45 4
74.0 44 4
46.0 22 4
30.0 2 4
16.0 10 4
24.0 21 4
23.0 15 4
30.0 10 4
40.0 18 4
50.0 9 4
43.0 1 4
70.0 63 4
27.0 11 4
32.0 13 4
29.0 11 4
40.0 17 4
62.0 30 4
58.0 9 4
54.0 37 4
67.0 23 4
55.0 15 4
137.0 120 4
61.0 15 4
86.0 11 4
48.0 31 4
98.0 66 4
49.0 9 4
47.0 31 4
95.0 90 4
48.0 12 4
140.0 63 4
53.0 3 4
20.0 8 4
38.0 31 4
103.0 17 4
23.0 14 4
22.0 18 4
68.0 15 4
30.0 28 4
31.0 17 4
43.0 12 4
33.0 8 4
66.0 31 4
42.0 10 4
55.0 26 4
50.0 14 4
38.0 32 4
64.0 21 4
56.0 27 4
25.0 12 4
107.0 43 4
65.0 38 4
25.0 17 4
50.0 7 4
63.0 38 4
60.0 9 4
26.0 27 4
156.0 39 4
68.0 55 4
66.0 14 4
98.0 44 4
81.0 13 4
91.0 11 4
61.0 32 4
76.0 23 4
35.0 24 4
46.0 42 4
58.0 14 4
46.0 43 4
8.0 0 5
6.0 1 5
7.0 1 5
14.0 3 5
10.0 3 5
21.0 0 5
18.0 2 5
15.0 5 5
30.0 5 5
32.0 5 5
40.0 2 5
9.0 3 5
22.0 0 5
20.0 4 5
8.0 2 5
17.0 8 5
38.0 15 5
23.0 10 5
22.0 11 5
3.0 2 5
12.0 6 5
28.0 9 5
42.0 12 5
66.0 23 5
28.0 4 5
18.0 8 5
35.0 7 5
24.0 9 5
21.0 8 5
44.0 4 5
16.0 8 5
40.0 7 5
16.0 11 5
46.0 20 5
27.0 18 5
131.0 122 5
53.0 13 5
26.0 9 5
13.0 8 5
19.0 11 5
9.0 6 5
34.0 0 5
26.0 18 5
30.0 0 5
48.0 13 5
102.0 15 5
44.0 11 5
49.0 0 5
32.0 12 5
57.0 22 5
24.0 8 5
72.0 8 5
27.0 19 5
60.0 13 5
212.0 219 5
13.0 2 5
85.0 33 5
45.0 6 5
85.0 65 5
52.0 30 5
54.0 9 5
55.0 17 5
51.0 20 5
39.0 26 5
44.0 18 5
72.0 10 5
40.0 25 5
60.0 24 5
46.0 24 5
8.0 1 6
12.0 1 6
11.0 0 6
9.0 1 6
120.0 18 6
17.0 0 6
24.0 3 6
25.0 1 6
10.0 0 6
55.0 4 6
56.0 9 6
13.0 4 6
26.0 2 6
51.0 8 6
14.0 4 6
57.0 8 6
61.0 19 6
21.0 4 6
25.0 4 6
51.0 0 6
76.0 3 6
43.0 19 6
33.0 15 6
39.0 21 6
32.0 6 6
27.0 1 6
26.0 14 6
45.0 0 6
64.0 4 6
28.0 2 7
15.0 2 7
16.0 0 7
32.0 2 7
7.0 2 7
38.0 22 7
19.0 3 7
22.0 8 7
11.0 1 7
26.0 8 7
15.0 0 7
10.0 4 7
23.0 2 7
39.0 15 7
21.0 9 7
29.0 24 7
59.0 4 7
23.0 3 7
25.0 18 7
87.0 37 7
19.0 9 7
39.0 2 7
14.0 0 8
76.0 2 8
52.0 11 8
19.0 2 8
13.0 1 8
43.0 3 8
88.0 26 8
5.0 1 8
26.0 4 8
32.0 17 8
24.0 0 8
1.0 0 9
5.0 0 9
16.0 3 9
17.0 1 9
27.0 14 9
22.0 3 9
13.0 0 10
3.0 0 10
10.0 1 10
15.0 3 10
41.0 13 11
16.0 2 12
