loc nocl count
10 1 1
137 15 1
41 0 1
81 6 1
11 5 1
43 2 1
26 2 1
3 4 1
43 4 1
10 3 1
21 53 1
17 6 1
43 8 1
46 4 1
7 2 1
29 12 1
19 6 1
44 5 1
32 2 1
36 6 1
2 2 1
12 24 1
27 2 1
33 2 1
26 4 1
6 3 1
39 8 1
31 5 1
41 4 1
33 8 1
27 6 1
45 3 1
54 6 1
49 3 1
52 8 1
8 21 1
120 0 1
48 7 1
86 0 1
21 3 1
95 1 1
15 30 1
29 5 1
77 0 1
66 0 1
27 5 1
32 30 1
77 2 1
94 3 1
40 6 1
43 1 1
55 0 1
99 7 1
49 0 1
103 4 1
117 11 1
82 2 1
140 3 1
11 29 1
73 1 1
36 7 1
58 15 1
56 2 1
76 30 1
17 7 1
24 10 1
55 1 1
58 3 1
30 3 1
38 8 1
59 11 1
7 10 1
27 17 1
16 47 1
95 9 1
35 8 1
7 8 1
89 20 1
95 3 1
42 11 1
27 11 1
110 0 1
37 22 1
53 2 1
56 4 1
79 5 1
78 1 1
2 18 1
17 8 1
15 16 1
16 18 1
45 14 1
49 4 1
48 0 1
171 78 1
47 24 1
38 3 1
9 9 1
157 19 1
114 1 1
22 8 1
33 91 1
12 8 1
15 8 1
63 3 1
21 14 1
53 28 1
98 10 1
24 4 1
133 1 1
75 2 1
48 4 1
9 18 1
85 4 1
102 24 1
83 7 1
81 1 1
9 22 1
13 5 1
25 26 1
53 12 1
78 2 1
82 0 1
198 19 1
58 8 1
40 1 1
49 19 1
31 10 1
13 7 1
33 5 1
26 7 1
31 11 1
198 5 1
52 10 1
63 6 1
40 13 1
32 12 1
83 0 1
43 11 1
12 11 1
64 0 1
38 18 1
76 7 1
87 1 1
111 13 1
118 22 1
69 5 1
60 0 1
175 27 1
29 13 1
67 1 1
72 4 1
2 13 1
66 21 1
36 10 1
45 10 1
26 14 1
64 23 1
36 14 1
143 12 1
14 28 1
28 23 1
21 17 1
107 0 1
81 0 1
12 7 1
94 25 1
10 15 1
86 1 1
40 15 1
18 23 1
28 18 1
122 23 1
67 9 1
78 0 1
71 1 1
205 17 1
170 7 1
107 12 1
110 19 1
78 33 1
59 18 1
32 7 1
52 32 1
37 17 1
91 9 1
27 12 1
78 5 1
50 4 1
120 17 1
246 68 1
141 4 1
62 8 1
57 4 1
9 25 1
66 8 1
49 1 1
66 3 1
453 0 1
60 2 1
38 12 1
23 15 1
2 6 1
111 1 1
60 4 1
79 3 1
5 14 1
32 8 1
156 5 1
27 43 1
63 1 1
74 35 1
52 18 1
52 6 1
20 18 1
104 6 1
47 2 1
23 7 1
57 3 1
64 5 1
86 2 1
61 15 1
108 3 1
214 2 1
40 3 1
92 10 1
50 1 1
54 0 1
45 13 1
34 49 1
42 10 1
51 11 1
96 2 1
67 2 1
85 14 1
59 10 1
72 15 1
15 13 1
81 2 1
134 2 1
102 20 1
83 6 1
131 11 1
37 19 1
47 20 1
99 5 1
10 28 1
66 1 1
95 4 1
61 18 1
26 8 1
14 14 1
38 1 1
135 58 1
102 6 1
21 9 1
157 0 1
47 10 1
30 16 1
68 9 1
43 14 1
60 9 1
87 36 1
72 2 1
70 9 1
95 11 1
27 14 1
10 7 1
45 12 1
31 16 1
56 15 1
35 10 1
49 12 1
85 5 1
77 11 1
164 0 1
81 23 1
71 21 1
40 16 1
108 25 1
75 40 1
38 7 1
139 38 1
19 12 1
23 8 1
68 5 1
33 82 1
38 27 1
8 23 1
161 0 1
257 30 1
140 4 1
55 8 1
35 20 1
150 10 1
20 12 1
171 18 1
6 11 1
289 32 1
32 5 1
3 5 1
49 13 1
199 3 1
57 1 1
84 7 1
127 4 1
140 59 1
34 15 1
21 23 1
94 9 1
749 0 1
124 46 1
102 10 1
93 5 1
62 4 1
80 21 1
68 8 1
3 21 1
66 22 1
58 10 1
70 15 1
30 4 1
31 2 1
59 16 1
81 3 1
68 6 1
87 5 1
23 23 1
143 0 1
27 16 1
116 8 1
64 2 1
118 0 1
59 8 1
73 5 1
178 46 1
66 10 1
59 3 1
72 5 1
61 10 1
31 12 1
9 17 1
42 18 1
48 1 1
26 20 1
36 12 1
66 13 1
42 3 1
18 8 1
138 0 1
219 15 1
14 59 1
63 14 1
19 7 1
55 6 1
186 8 1
118 6 1
129 13 1
150 0 1
55 11 1
48 16 1
107 8 1
58 9 1
78 13 1
43 9 1
19 9 1
96 7 1
65 13 1
126 3 1
97 5 1
20 10 1
60 26 1
157 17 1
69 4 1
69 26 1
28 16 1
61 8 1
11 9 1
94 0 1
35 134 1
4 14 1
57 20 1
45 25 1
370 37 1
63 8 1
71 11 1
64 13 1
24 18 1
32 11 1
1682 181 1
88 8 1
47 23 1
15 10 1
47 4 1
119 18 1
63 2 1
40 17 1
96 5 1
26 15 1
22 12 1
736 84 1
107 3 1
72 8 1
135 3 1
188 0 1
21 13 1
222 20 1
94 7 1
44 13 1
125 18 1
134 30 1
66 11 1
66 4 1
188 13 1
157 15 1
69 13 1
24 21 1
65 31 1
80 18 1
308 0 1
11 13 1
31 6 1
3 16 1
145 16 1
47 49 1
69 7 1
370 45 1
5 15 1
41 19 1
87 29 1
101 5 1
27 10 1
170 15 1
120 3 1
239 21 1
51 19 1
13 12 1
14 17 1
14 12 1
213 18 1
10 21 1
94 10 1
222 1 1
313 41 1
56 19 1
4 6 1
343 78 1
135 16 1
38 15 1
46 9 1
38 21 1
23 32 1
101 47 1
59 29 1
110 14 1
2 15 1
87 3 1
8 17 1
112 6 1
637 82 1
18 18 1
11 10 1
63 22 1
19 33 1
89 1 1
73 7 1
264 31 1
89 17 1
79 0 1
103 0 1
68 11 1
436 29 1
103 7 1
72 18 1
432 45 1
39 11 1
167 0 1
158 8 1
9 11 1
48 20 1
50 7 1
193 49 1
91 6 1
53 11 1
133 0 1
91 30 1
12 25 1
142 15 1
32 9 1
172 0 1
103 28 1
128 2 1
30 6 1
33 22 1
29 6 1
4 2 1
74 2 1
57 14 1
4 8 1
157 34 1
262 14 1
766 38 1
151 33 1
271 69 1
79 10 1
39 16 1
64 10 1
41 15 1
79 4 1
55 22 1
72 6 1
33 12 1
115 33 1
176 0 1
144 4 1
88 1 1
97 10 1
365 37 1
97 3 1
62 7 1
120 11 1
146 8 1
45 23 1
110 11 1
228 11 1
54 1 1
44 35 1
153 8 1
108 7 1
18 32 1
78 9 1
185 4 1
69 11 1
20 8 1
286 33 1
75 5 1
26 13 1
43 15 1
99 20 1
309 16 1
73 27 1
232 42 1
205 0 1
68 14 1
38 19 1
150 33 1
66 9 1
36 18 1
147 0 1
314 15 1
134 22 1
61 11 1
75 7 1
40 11 1
74 23 1
84 5 1
8 16 1
84 10 1
65 24 1
557 51 1
73 11 1
34 11 1
146 12 1
46 14 1
155 0 1
65 2 1
208 43 1
57 9 1
24 8 1
110 6 1
116 4 1
85 25 1
240 0 1
288 18 1
59 14 1
131 26 1
185 17 1
123 11 1
52 3 1
42 14 1
36 35 1
613 81 1
96 12 1
17 19 1
125 7 1
99 10 1
65 20 1
71 3 1
855 0 1
70 10 1
116 1 1
73 8 1
43 22 1
181 16 1
47 28 1
96 14 1
45 2 1
80 10 1
93 6 1
92 20 1
70 14 1
177 22 1
90 7 1
148 3 1
65 26 1
316 15 1
128 24 1
103 19 1
131 16 1
102 16 1
566 29 1
3 23 1
9 3 1
244 24 1
184 8 1
8 14 1
324 32 1
95 20 1
36 13 1
110 5 1
36 19 1
418 10 1
125 3 1
97 31 1
215 22 1
37 12 1
78 15 1
33 10 1
100 1 1
199 11 1
50 18 1
58 22 1
23 20 1
13 20 1
234 27 1
429 48 1
132 75 1
98 6 1
10 16 1
400 23 1
51 81 1
44 22 1
50 15 1
28 13 1
153 1 1
103 6 1
24 7 1
114 4 1
39 13 1
89 11 1
243 58 1
179 1 1
10 19 1
107 1 1
35 11 1
142 5 1
121 8 1
65 14 1
274 18 1
203 36 1
171 15 1
168 4 1
348 31 1
166 10 1
140 12 1
94 30 1
99 1 1
83 2 1
5 27 1
96 23 1
149 13 1
52 4 1
18 21 1
875 45 1
89 3 1
113 28 1
210 0 1
155 19 1
131 5 1
229 21 1
56 18 1
98 2 1
783 57 1
25 24 1
83 25 1
61 1 1
81 12 1
35 15 1
154 16 1
642 39 1
12 14 1
105 2 1
417 24 1
224 14 1
90 29 1
238 7 1
505 0 1
201 13 1
447 54 1
231 0 1
32 18 1
144 38 1
10 5 1
68 27 1
94 16 1
108 18 1
314 47 1
89 19 1
93 15 1
18 12 1
16 10 1
65 6 1
164 13 1
316 47 1
119 5 1
31 24 1
57 6 1
173 9 1
40 18 1
183 10 1
28 2 1
93 12 1
153 9 1
58 20 1
120 1 1
67 6 1
83 5 1
101 11 1
111 7 1
7 7 1
88 3 1
126 12 1
108 10 1
501 26 1
706 63 1
119 7 1
75 13 1
207 17 1
111 32 1
88 14 1
73 19 1
115 13 1
88 7 1
151 13 1
177 2 1
98 16 1
46 23 1
6 14 1
84 2 1
117 10 1
68 4 1
108 1 1
13 21 1
231 17 1
319 0 1
76 13 1
128 9 1
617 60 1
220 0 1
92 11 1
92 1 1
106 2 1
470 53 1
11 16 1
80 9 1
30 10 1
198 31 1
34 8 1
96 15 1
61 13 1
100 23 1
80 11 1
239 15 1
62 9 1
98 12 1
325 15 1
181 22 1
227 25 1
126 9 1
101 6 1
140 70 1
73 0 1
17 55 1
355 27 1
120 4 1
112 13 1
73 10 1
34 27 1
57 17 1
190 8 1
158 13 1
93 4 1
185 0 1
28 9 1
136 22 1
599 46 1
117 17 1
169 9 1
22 15 1
59 12 1
80 16 1
110 25 1
6 10 1
94 19 1
205 2 1
101 20 1
97 2 1
69 14 1
93 25 1
305 16 1
156 13 1
31 44 1
147 1 1
38 14 1
132 5 1
133 8 1
104 2 1
74 3 1
107 7 1
62 11 1
111 5 1
330 0 1
45 31 1
151 11 1
90 10 1
221 0 1
84 22 1
2 8 1
155 7 1
335 0 1
255 46 1
10 2 2
22 1 2
31 8 2
61 5 2
27 0 2
16 3 2
10 4 2
23 1 2
6 4 2
18 5 2
44 7 2
8 3 2
52 19 2
38 5 2
15 7 2
20 0 2
3 6 2
21 5 2
49 7 2
41 1 2
47 0 2
35 3 2
46 7 2
45 0 2
11 4 2
58 6 2
124 4 2
45 8 2
9 4 2
32 1 2
31 1 2
35 4 2
22 7 2
29 4 2
9 5 2
28 11 2
16 13 2
102 0 2
30 9 2
68 0 2
34 6 2
33 3 2
113 0 2
20 17 2
65 8 2
78 6 2
87 0 2
49 5 2
5 2 2
25 6 2
13 9 2
85 3 2
43 7 2
21 6 2
21 7 2
31 7 2
17 10 2
39 5 2
125 19 2
18 4 2
53 8 2
42 12 2
95 10 2
93 0 2
73 4 2
72 3 2
38 2 2
50 5 2
20 2 2
12 2 2
28 6 2
68 2 2
5 6 2
82 3 2
24 5 2
26 5 2
20 9 2
117 0 2
22 2 2
15 6 2
137 1 2
10 22 2
11 6 2
15 29 2
146 0 2
51 1 2
91 1 2
80 4 2
8 4 2
14 15 2
42 8 2
37 11 2
58 2 2
44 2 2
105 0 2
21 11 2
31 3 2
14 9 2
18 25 2
20 3 2
55 10 2
12 6 2
56 1 2
23 18 2
13 13 2
74 20 2
80 6 2
16 7 2
65 4 2
4 7 2
36 3 2
32 27 2
168 0 2
21 4 2
32 25 2
100 7 2
37 4 2
29 35 2
19 11 2
25 14 2
75 6 2
2 62 2
8 10 2
40 8 2
23 12 2
126 4 2
45 7 2
141 9 2
85 2 2
86 11 2
55 2 2
95 2 2
12 4 2
39 4 2
35 7 2
9 7 2
43 12 2
57 2 2
212 1 2
19 56 2
50 6 2
83 1 2
40 4 2
115 14 2
41 5 2
12 22 2
47 19 2
58 12 2
41 18 2
72 7 2
14 1 2
7 9 2
143 4 2
51 8 2
114 31 2
71 4 2
72 12 2
258 80 2
102 14 2
65 3 2
17 39 2
42 2 2
125 0 2
51 14 2
207 2 2
68 1 2
43 6 2
39 0 2
74 1 2
15 19 2
24 17 2
57 11 2
66 23 2
82 10 2
89 9 2
21 18 2
220 10 2
12 12 2
62 0 2
40 5 2
93 2 2
52 7 2
47 14 2
101 1 2
83 11 2
96 6 2
265 19 2
7 11 2
48 2 2
44 6 2
34 14 2
76 4 2
126 8 2
139 8 2
33 15 2
63 0 2
23 6 2
28 14 2
52 12 2
149 0 2
20 19 2
55 13 2
14 27 2
146 6 2
243 23 2
92 13 2
161 2 2
100 2 2
93 41 2
32 19 2
29 11 2
55 9 2
19 5 2
70 5 2
62 2 2
53 10 2
125 4 2
186 0 2
44 15 2
84 41 2
3 10 2
135 0 2
26 9 2
2 41 2
26 6 2
189 10 2
54 4 2
7 6 2
71 16 2
31 4 2
150 7 2
50 9 2
71 12 2
134 13 2
98 19 2
131 25 2
19 2 2
14 11 2
327 0 2
80 0 2
29 36 2
51 7 2
234 6 2
91 0 2
153 0 2
12 10 2
11 11 2
93 11 2
68 3 2
34 16 2
134 0 2
253 2 2
56 14 2
2 17 2
22 5 2
129 1 2
81 5 2
114 0 2
215 18 2
106 5 2
87 12 2
17 20 2
44 14 2
39 2 2
76 3 2
79 8 2
22 33 2
147 18 2
418 0 2
51 27 2
25 3 2
160 10 2
23 11 2
104 16 2
114 9 2
77 25 2
55 14 2
31 22 2
28 22 2
76 5 2
74 10 2
64 8 2
104 36 2
65 7 2
202 0 2
134 10 2
107 16 2
49 8 2
58 1 2
151 0 2
67 23 2
151 2 2
73 3 2
64 6 2
265 31 2
127 12 2
27 8 2
67 10 2
5 10 2
158 1 2
16 15 2
45 4 2
12 20 2
109 0 2
96 4 2
20 7 2
167 45 2
171 1 2
14 6 2
101 0 2
21 15 2
14 22 2
53 5 2
39 12 2
87 6 2
74 8 2
42 16 2
60 8 2
45 20 2
5 12 2
93 10 2
52 11 2
243 4 2
219 0 2
123 0 2
77 13 2
440 73 2
41 10 2
38 24 2
8 15 2
132 28 2
71 10 2
158 0 2
86 26 2
132 0 2
140 9 2
64 3 2
93 26 2
9 28 2
13 17 2
57 5 2
116 10 2
54 23 2
53 3 2
32 16 2
102 68 2
22 17 2
58 25 2
83 12 2
89 14 2
83 8 2
66 6 2
42 24 2
105 15 2
87 8 2
314 27 2
31 23 2
704 88 2
201 12 2
223 49 2
535 41 2
164 9 2
115 0 2
128 6 2
79 1 2
44 12 2
91 2 2
49 18 2
42 9 2
60 15 2
1402 139 2
20 57 2
8 13 2
18 1 2
469 41 2
41 37 2
31 25 2
124 1 2
184 11 2
49 15 2
100 17 2
73 18 2
135 2 2
85 21 2
39 10 2
47 12 2
69 22 2
58 11 2
17 48 2
104 20 2
111 21 2
100 8 2
86 5 2
82 5 2
114 8 2
79 16 2
48 11 2
30 40 2
8 6 2
56 17 2
91 16 2
172 6 2
53 18 2
88 9 2
35 18 2
185 35 2
127 20 2
412 31 2
77 5 2
45 15 2
115 4 2
42 7 2
141 18 2
221 49 2
87 4 2
192 5 2
28 0 3
57 0 3
26 0 3
20 4 3
8 2 3
51 0 3
13 2 3
31 0 3
89 0 3
14 4 3
53 6 3
28 8 3
61 12 3
6 7 3
21 2 3
23 2 3
34 3 3
122 3 3
9 1 3
15 2 3
24 3 3
7 3 3
2 1 3
25 8 3
131 13 3
28 7 3
41 2 3
34 1 3
33 0 3
14 5 3
42 1 3
37 10 3
40 2 3
34 0 3
69 18 3
5 5 3
87 2 3
20 6 3
17 5 3
32 3 3
25 4 3
44 0 3
37 6 3
47 5 3
4 4 3
30 7 3
3 12 3
35 1 3
22 4 3
15 3 3
49 6 3
16 1 3
30 5 3
37 5 3
13 6 3
115 17 3
37 8 3
88 0 3
33 4 3
17 14 3
16 0 3
131 22 3
23 0 3
29 2 3
27 3 3
18 6 3
86 14 3
139 0 3
129 4 3
61 0 3
38 4 3
10 8 3
120 8 3
84 0 3
36 1 3
61 6 3
66 2 3
95 6 3
46 1 3
67 0 3
5 4 3
19 10 3
9 6 3
69 0 3
47 3 3
58 0 3
2 5 3
34 9 3
30 8 3
13 3 3
17 15 3
42 6 3
111 3 3
27 4 3
7 13 3
10 9 3
17 12 3
37 18 3
65 5 3
23 19 3
75 4 3
84 3 3
48 12 3
109 7 3
29 7 3
22 10 3
54 3 3
6 17 3
75 1 3
8 12 3
109 1 3
13 8 3
46 6 3
23 5 3
38 6 3
39 1 3
17 35 3
54 11 3
32 6 3
55 4 3
48 3 3
89 2 3
318 42 3
21 25 3
112 4 3
51 4 3
24 1 3
62 5 3
33 11 3
20 56 3
67 3 3
30 31 3
63 7 3
275 10 3
27 18 3
27 7 3
63 17 3
104 8 3
106 1 3
152 14 3
95 8 3
6 8 3
8 8 3
44 30 3
16 50 3
43 10 3
17 9 3
37 0 3
32 20 3
105 5 3
70 19 3
46 11 3
162 32 3
131 2 3
54 2 3
25 16 3
36 8 3
64 4 3
72 0 3
4 12 3
70 4 3
75 14 3
40 19 3
24 12 3
47 7 3
47 8 3
51 2 3
76 9 3
41 3 3
60 19 3
19 39 3
121 0 3
54 9 3
42 5 3
100 0 3
25 30 3
46 3 3
54 5 3
54 8 3
138 12 3
69 1 3
76 2 3
68 13 3
55 7 3
8 20 3
22 23 3
71 8 3
36 20 3
34 22 3
57 13 3
58 21 3
129 11 3
3 9 3
92 3 3
35 6 3
74 7 3
12 17 3
30 20 3
160 0 3
47 17 3
69 2 3
126 0 3
230 23 3
15 12 3
9 12 3
83 10 3
1013 97 3
540 64 3
18 16 3
376 6 3
1 0 4
18 0 4
6 0 4
9 2 4
13 0 4
11 7 4
55 18 4
16 2 4
43 0 4
11 1 4
35 2 4
15 1 4
13 1 4
212 16 4
64 1 4
11 0 4
39 6 4
10 6 4
21 0 4
26 1 4
90 14 4
18 2 4
26 3 4
4 5 4
29 1 4
4 1 4
76 0 4
6 1 4
19 1 4
21 8 4
6 6 4
5 3 4
96 9 4
23 3 4
12 9 4
44 1 4
42 0 4
59 6 4
74 22 4
34 2 4
66 5 4
22 3 4
37 1 4
42 4 4
50 0 4
75 0 4
72 9 4
4 3 4
14 8 4
19 4 4
221 8 4
60 1 4
67 13 4
77 1 4
25 17 4
59 5 4
65 1 4
126 25 4
6 2 4
41 7 4
116 3 4
7 5 4
5 1 4
23 10 4
105 6 4
35 5 4
27 9 4
44 9 4
17 3 4
46 10 4
54 12 4
34 5 4
103 1 4
30 14 4
19 3 4
131 0 4
125 6 4
10 23 4
88 22 4
17 24 4
24 6 4
60 10 4
25 38 4
24 9 4
51 3 4
90 11 4
24 14 4
44 10 4
36 17 4
59 4 4
18 10 4
105 3 4
77 7 4
2 3 4
6 12 4
63 12 4
22 13 4
16 5 5
17 2 5
27 1 5
21 1 5
4 0 5
7 4 5
115 2 5
38 0 5
17 0 5
35 0 5
32 4 5
40 0 5
8 1 5
3 1 5
43 3 5
36 2 5
56 5 5
15 0 5
70 0 5
15 5 5
46 0 5
45 6 5
20 1 5
62 1 5
48 6 5
23 4 5
59 7 5
36 0 5
74 0 5
59 2 5
51 9 5
3 3 5
29 8 5
51 6 5
28 4 5
18 3 5
51 12 5
35 9 5
3 2 5
28 3 5
41 6 5
55 5 5
25 5 5
48 8 5
39 3 5
25 2 5
89 8 5
2 7 5
50 8 5
37 3 5
8 7 5
73 2 5
167 12 5
131 3 5
32 0 6
9 0 6
29 0 6
24 0 6
2 0 6
52 2 6
7 0 6
38 9 6
7 1 6
22 0 6
30 1 6
17 4 6
24 2 6
64 12 6
17 1 6
14 2 6
14 3 6
8 5 6
47 1 6
32 10 6
45 1 6
80 7 6
16 6 6
46 8 6
29 9 6
34 4 6
6 5 6
34 7 6
65 0 6
45 5 6
14 7 7
13 4 7
11 2 7
14 0 7
76 8 7
5 0 7
3 0 7
120 13 7
30 0 7
207 9 7
28 10 7
25 1 7
12 1 7
39 7 7
69 3 7
33 6 7
38 22 7
10 0 8
99 6 8
36 4 8
56 0 8
29 3 8
8 0 9
25 0 9
15 4 9
12 0 10
19 0 10
