robl ncl count
0.3333333333333333 0 2107
0.25 0 1898
0.2857142857142857 0 1609
0.2 0 1506
0.4 0 1490
0.2222222222222222 0 1248
0.16666666666666666 0 1188
0.5 0 1152
0.18181818181818182 0 1035
0.14285714285714285 0 975
0.15384615384615385 0 880
0.13333333333333333 0 703
0.3 0 624
0.375 0 577
0.125 0 562
0.6666666666666666 0 466
0.2727272727272727 0 455
0.23076923076923078 0 436
0.11764705882352941 0 395
0.21428571428571427 0 390
0.1111111111111111 0 386
0.42857142857142855 0 375
0.36363636363636365 0 300
0.3333333333333333 2 300
0.25 1 295
0.1 0 294
0.1875 0 282
0.10526315789473684 0 281
0.17647058823529413 0 266
0.2 1 260
0.3333333333333333 1 254
0.4 1 226
0.23529411764705882 0 216
0.16666666666666666 1 215
0.09523809523809523 0 213
0.25 2 211
0.08 0 203
0.15789473684210525 0 202
0.3076923076923077 0 192
0.2857142857142857 1 192
0.4444444444444444 0 185
0.6 0 183
0.26666666666666666 0 183
0.15 0 175
0.2222222222222222 1 168
0.2 2 165
0.14285714285714285 1 163
0.09090909090909091 0 162
0.18181818181818182 1 156
0.19047619047619047 0 156
1.0 0 152
0.08695652173913043 0 146
0.16666666666666666 2 146
0.25 3 144
0.5 1 144
0.21052631578947367 0 142
0.13636363636363635 0 140
0.2222222222222222 2 132
0.5 2 132
0.08333333333333333 0 132
0.15384615384615385 1 129
0.35714285714285715 0 128
0.14285714285714285 2 126
0.13043478260869565 0 125
0.75 0 125
0.25 4 121
0.13333333333333333 1 121
0.125 1 118
0.07692307692307693 0 118
0.38461538461538464 0 117
0.375 1 112
0.125 2 111
0.1111111111111111 1 111
0.4 2 108
0.2 3 107
0.5 3 106
0.3 2 105
0.11764705882352941 1 101
0.18181818181818182 2 100
0.4166666666666667 0 98
0.13793103448275862 0 97
0.2727272727272727 1 95
0.2857142857142857 2 95
0.11538461538461539 0 94
0.15384615384615385 2 92
0.2631578947368421 0 92
0.21428571428571427 1 91
0.3 1 90
0.3333333333333333 3 90
0.13333333333333333 2 89
0.3125 0 89
0.05714285714285714 0 88
0.2777777777777778 0 88
0.14814814814814814 0 85
0.23076923076923078 1 83
0.17391304347826086 0 83
0.07142857142857142 0 82
0.29411764705882354 0 80
0.12 0 80
0.5714285714285714 0 80
0.125 4 79
0.22727272727272727 0 77
0.07407407407407407 0 76
0.14285714285714285 3 75
0.17647058823529413 1 73
0.21739130434782608 0 72
0.42857142857142855 1 72
0.0967741935483871 0 72
0.06451612903225806 3 72
0.10526315789473684 1 72
0.125 3 71
0.2222222222222222 3 71
0.5 5 70
0.6666666666666666 1 70
0.16 0 70
0.16666666666666666 3 70
0.1875 2 69
0.1 1 68
0.21428571428571427 2 68
0.06666666666666667 0 68
0.23809523809523808 0 68
0.20833333333333334 0 66
0.15789473684210525 1 65
0.2857142857142857 3 65
0.13513513513513514 0 63
0.35294117647058826 0 63
0.11764705882352941 2 62
0.2727272727272727 2 61
0.6666666666666666 2 60
0.06896551724137931 0 59
0.19230769230769232 0 59
0.2 4 58
0.16666666666666666 4 58
0.15 1 58
0.09090909090909091 1 58
0.1875 1 57
0.18181818181818182 3 56
0.3157894736842105 0 56
0.8 0 55
0.45454545454545453 0 55
0.10714285714285714 0 55
0.2727272727272727 3 55
0.0625 0 55
0.23529411764705882 3 55
0.15384615384615385 4 54
0.23076923076923078 2 53
0.1111111111111111 2 53
0.21428571428571427 3 51
0.47058823529411764 0 50
0.3076923076923077 1 50
0.12903225806451613 0 49
0.09375 0 49
0.16129032258064516 0 48
0.15789473684210525 2 48
0.1111111111111111 3 47
0.23529411764705882 1 47
0.21052631578947367 1 47
0.3 3 47
0.375 2 47
0.3333333333333333 4 46
0.17647058823529413 2 46
0.09523809523809523 1 46
0.10526315789473684 2 45
0.09090909090909091 2 44
0.2608695652173913 0 44
0.17857142857142858 0 44
0.10344827586206896 0 44
0.35 0 44
0.25 5 44
0.4444444444444444 1 43
0.14285714285714285 4 43
0.18518518518518517 0 43
0.5 4 42
0.4 3 42
0.26666666666666666 1 42
0.3157894736842105 23 42
0.06451612903225806 0 41
0.05555555555555555 0 41
0.15384615384615385 3 41
0.1 4 41
0.06060606060606061 0 41
0.24 0 41
0.058823529411764705 0 41
0.4117647058823529 0 41
0.2727272727272727 4 41
0.1 2 41
0.13333333333333333 3 41
0.46153846153846156 0 39
0.2 5 39
0.36363636363636365 1 38
0.17647058823529413 3 38
0.42857142857142855 9 37
0.20689655172413793 0 37
0.42857142857142855 2 37
0.21052631578947367 2 37
0.75 12 37
0.1724137931034483 0 37
0.09523809523809523 2 36
0.1875 3 36
0.08333333333333333 1 36
0.3333333333333333 5 36
0.3125 1 36
0.15625 0 35
0.2222222222222222 4 35
0.08823529411764706 0 34
0.08571428571428572 0 34
0.3076923076923077 2 34
0.23809523809523808 32 34
0.5714285714285714 3 34
0.08695652173913043 1 34
0.375 3 34
0.4375 0 34
1.0 25 34
0.15 2 34
0.18181818181818182 4 34
0.26666666666666666 2 34
0.1111111111111111 4 33
0.10526315789473684 3 33
0.23076923076923078 3 33
0.5555555555555556 0 33
0.34782608695652173 0 33
0.6 1 31
0.4166666666666667 1 31
0.19047619047619047 2 31
0.3684210526315789 25 31
0.13636363636363635 1 30
0.3684210526315789 16 30
0.19047619047619047 1 30
0.38095238095238093 10 30
0.3888888888888889 0 29
0.27586206896551724 23 29
0.11428571428571428 0 29
0.1 3 29
0.07692307692307693 2 29
0.16666666666666666 5 29
0.3793103448275862 12 29
1.0 3 29
0.2962962962962963 11 29
0.09523809523809523 3 29
0.15151515151515152 0 29
0.12 1 29
0.38461538461538464 1 28
0.7692307692307693 19 28
0.08333333333333333 2 28
0.36 13 28
0.42857142857142855 3 27
0.11538461538461539 2 27
1.0 1 27
0.16129032258064516 1 27
0.25 6 27
0.21428571428571427 4 27
0.07407407407407407 1 27
0.13043478260869565 2 27
0.29411764705882354 1 27
0.1935483870967742 0 27
0.2916666666666667 0 27
0.2222222222222222 5 27
0.3181818181818182 0 27
0.375 49 27
0.4074074074074074 36 26
1.0 16 26
0.12121212121212122 0 26
0.05263157894736842 0 26
0.07142857142857142 2 26
0.11538461538461539 1 26
0.26666666666666666 3 26
0.2777777777777778 1 25
0.08108108108108109 0 25
0.08 2 25
0.18181818181818182 5 25
0.2857142857142857 5 25
0.07142857142857142 1 25
0.25925925925925924 0 25
0.07692307692307693 1 25
0.2857142857142857 4 25
0.16666666666666666 6 25
0.13043478260869565 1 25
0.15 3 25
0.16 1 25
0.11764705882352941 3 25
0.625 0 25
0.14285714285714285 15 24
0.09090909090909091 3 24
0.2631578947368421 2 24
0.17391304347826086 1 24
0.5714285714285714 1 24
0.14285714285714285 8 24
0.05128205128205128 0 24
0.2777777777777778 2 24
0.35714285714285715 7 24
0.19047619047619047 3 23
0.04878048780487805 0 23
0.05 0 23
0.3 4 23
0.2777777777777778 3 23
0.15789473684210525 3 23
0.22857142857142856 0 23
0.23333333333333334 0 23
0.2 6 23
1.0 2 23
0.38095238095238093 0 23
0.4 6 23
0.23809523809523808 1 23
0.1388888888888889 0 22
0.06666666666666667 1 22
0.13157894736842105 0 22
0.22727272727272727 1 22
0.29411764705882354 3 22
0.2413793103448276 0 22
0.5454545454545454 0 22
0.4 4 22
0.08695652173913043 2 22
0.05405405405405406 0 22
0.13636363636363635 2 22
0.23529411764705882 2 22
0.23529411764705882 4 21
0.4 5 21
0.14814814814814814 2 21
0.14814814814814814 1 21
0.13333333333333333 4 21
0.42857142857142855 4 21
0.5 8 21
0.3333333333333333 6 21
0.16216216216216217 0 21
0.3125 2 21
0.36363636363636365 2 21
0.45454545454545453 1 20
0.20833333333333334 1 20
0.06896551724137931 1 20
0.35714285714285715 1 20
0.3076923076923077 3 20
0.1282051282051282 0 20
0.42105263157894735 0 20
0.3333333333333333 7 20
0.375 4 20
0.21052631578947367 3 20
0.07894736842105263 0 20
0.21739130434782608 3 20
0.30434782608695654 0 19
0.10526315789473684 4 19
0.06060606060606061 1 19
0.34615384615384615 0 19
0.10810810810810811 0 19
0.14705882352941177 0 19
0.4666666666666667 0 19
0.25 7 19
0.23076923076923078 4 19
0.22580645161290322 0 19
0.28 0 19
0.30434782608695654 8 19
0.22727272727272727 2 19
0.14285714285714285 5 19
0.6 2 18
0.17391304347826086 3 18
0.21739130434782608 1 18
0.19230769230769232 1 18
0.13793103448275862 1 18
0.36363636363636365 3 18
0.8571428571428571 46 18
0.8571428571428571 0 18
0.12 3 18
0.14285714285714285 6 18
0.2631578947368421 1 18
0.43478260869565216 0 18
0.10714285714285714 1 18
0.10344827586206896 1 18
0.3125 4 18
0.21875 0 18
0.3684210526315789 0 18
0.2692307692307692 0 17
0.15384615384615385 5 17
0.27586206896551724 0 17
0.7142857142857143 0 17
0.6666666666666666 3 17
0.17391304347826086 2 17
0.35714285714285715 2 17
0.06451612903225806 1 17
0.12 2 17
0.18518518518518517 1 17
0.18421052631578946 0 17
0.125 5 17
0.06896551724137931 2 17
0.14634146341463414 0 17
0.08695652173913043 3 17
0.07692307692307693 3 16
0.10256410256410256 0 16
0.21739130434782608 2 16
0.07142857142857142 3 16
0.1875 4 16
0.21428571428571427 5 16
0.0975609756097561 0 16
0.047619047619047616 0 16
0.29411764705882354 2 16
0.0625 1 16
0.06666666666666667 3 16
0.35294117647058826 1 16
0.15789473684210525 5 15
0.1794871794871795 0 15
0.3157894736842105 2 15
0.15 4 15
0.25806451612903225 0 15
0.16 3 15
0.10344827586206896 2 15
0.1724137931034483 1 15
0.2608695652173913 1 15
0.07317073170731707 0 15
0.17142857142857143 0 15
0.08 1 15
0.2857142857142857 6 15
0.8333333333333334 0 15
0.5714285714285714 2 15
0.4444444444444444 2 15
0.13333333333333333 5 15
0.26666666666666666 4 15
0.3076923076923077 6 14
0.13043478260869565 3 14
0.18421052631578946 5 14
0.17647058823529413 4 14
0.1724137931034483 2 14
0.2777777777777778 4 14
0.1388888888888889 1 14
0.23809523809523808 2 14
0.10714285714285714 2 14
0.08108108108108109 2 14
0.22727272727272727 3 14
0.16216216216216217 1 14
0.2727272727272727 6 14
0.3 5 14
0.08823529411764706 2 14
0.075 0 14
0.45454545454545453 3 13
0.21052631578947367 4 13
0.24 2 13
0.3333333333333333 21 13
0.2962962962962963 0 13
0.19230769230769232 2 13
0.14285714285714285 7 13
0.08333333333333333 3 13
0.21621621621621623 0 13
0.3157894736842105 1 13
0.40476190476190477 28 13
0.0967741935483871 2 13
0.11904761904761904 0 13
0.11538461538461539 3 13
0.2857142857142857 7 13
0.09523809523809523 4 13
0.15384615384615385 6 13
0.10810810810810811 1 13
0.1891891891891892 0 13
0.14814814814814814 3 13
0.2608695652173913 2 13
0.09090909090909091 5 13
0.20588235294117646 0 13
0.6 3 13
0.18181818181818182 6 13
0.13636363636363635 3 13
0.5555555555555556 1 13
0.25 8 13
0.3157894736842105 7 12
0.21052631578947367 5 12
0.1111111111111111 6 12
0.1111111111111111 5 12
0.75 6 12
0.05714285714285714 4 12
0.10526315789473684 7 12
0.5454545454545454 1 12
0.25 9 12
0.29411764705882354 4 12
0.3333333333333333 10 12
0.4 7 12
0.5 31 12
0.23809523809523808 4 12
0.17647058823529413 5 12
0.12903225806451613 2 12
0.375 6 12
0.22580645161290322 1 12
0.125 6 12
0.12121212121212122 3 12
0.26666666666666666 5 12
0.12 4 12
0.10714285714285714 3 12
0.21212121212121213 0 12
0.0967741935483871 1 11
0.13793103448275862 3 11
0.19444444444444445 0 11
0.20833333333333334 2 11
0.34375 0 11
0.3 16 11
0.16 2 11
0.06060606060606061 2 11
0.20833333333333334 4 11
0.5555555555555556 3 11
0.10344827586206896 4 11
0.75 3 11
0.08823529411764706 1 11
0.08333333333333333 4 11
0.5384615384615384 0 11
0.7 61 11
0.30434782608695654 1 11
0.18518518518518517 3 11
0.35714285714285715 3 11
0.15625 1 11
0.16 5 11
0.37037037037037035 0 11
0.35 3 11
0.225 0 11
0.15625 2 11
0.15 5 11
0.3181818181818182 1 11
0.14814814814814814 4 11
0.23684210526315788 0 11
0.12903225806451613 1 11
0.3125 3 11
0.2 8 11
0.15789473684210525 6 11
0.13043478260869565 4 11
0.06896551724137931 3 10
0.3076923076923077 5 10
0.16666666666666666 8 10
0.13636363636363635 4 10
0.14705882352941177 2 10
0.3076923076923077 4 10
0.24242424242424243 0 10
0.07692307692307693 5 10
0.17073170731707318 0 10
0.10526315789473684 5 10
0.20689655172413793 2 10
0.11538461538461539 4 10
0.20689655172413793 1 10
0.21739130434782608 4 10
0.05405405405405406 1 10
0.058823529411764705 1 10
0.11764705882352941 6 10
0.19047619047619047 4 10
0.2727272727272727 5 10
0.18181818181818182 7 10
0.08571428571428572 1 10
0.45454545454545453 8 10
0.08108108108108109 4 10
0.17857142857142858 1 10
0.23809523809523808 6 10
0.16 4 10
0.35 1 10
0.10810810810810811 4 10
0.32142857142857145 0 10
0.4444444444444444 7 10
0.09375 1 10
0.23529411764705882 5 10
0.1724137931034483 4 10
0.75 1 10
0.09375 2 10
0.1935483870967742 1 10
0.25925925925925924 2 10
0.35714285714285715 5 10
0.06666666666666667 2 10
0.23809523809523808 5 10
0.05714285714285714 2 10
0.3076923076923077 7 10
0.8 1 10
0.4166666666666667 4 9
0.2857142857142857 8 9
0.3448275862068966 0 9
0.75 4 9
0.19047619047619047 6 9
0.0967741935483871 3 9
0.1282051282051282 2 9
0.12903225806451613 4 9
0.2 9 9
0.2 7 9
0.2631578947368421 6 9
0.17391304347826086 4 9
0.23809523809523808 3 9
0.46153846153846156 4 9
0.6666666666666666 4 9
0.2631578947368421 3 9
0.27586206896551724 3 9
0.16666666666666666 7 9
0.05714285714285714 1 9
0.19230769230769232 3 9
0.13793103448275862 2 9
0.1282051282051282 4 9
0.2564102564102564 0 9
0.125 7 9
1.5 0 9
0.2727272727272727 8 9
0.4166666666666667 3 9
0.8 2 9
0.1891891891891892 3 9
0.15789473684210525 7 9
0.36363636363636365 4 9
0.28 2 9
0.08695652173913043 5 9
0.17857142857142858 3 9
0.09375 4 9
0.08695652173913043 4 9
0.3157894736842105 3 9
0.6153846153846154 5 9
0.44 0 9
0.28 4 9
0.2222222222222222 6 9
0.3333333333333333 8 9
0.2608695652173913 4 9
0.38461538461538464 3 9
0.16129032258064516 3 9
0.07407407407407407 2 8
0.30434782608695654 3 8
0.11764705882352941 5 8
0.35714285714285715 6 8
0.4411764705882353 35 8
0.7142857142857143 1 8
0.20512820512820512 0 8
0.20689655172413793 3 8
0.1282051282051282 1 8
0.20588235294117646 5 8
0.7142857142857143 3 8
0.058823529411764705 2 8
0.08823529411764706 3 8
1.5 1 8
0.3157894736842105 5 8
0.28125 0 8
0.2413793103448276 4 8
0.21428571428571427 7 8
0.26666666666666666 6 8
0.24 3 8
0.21212121212121213 1 8
0.25925925925925924 6 8
0.15151515151515152 2 8
0.1891891891891892 2 8
0.15384615384615385 7 8
0.23076923076923078 5 8
0.7 0 8
0.5454545454545454 4 8
0.2916666666666667 1 8
0.15 6 8
0.2608695652173913 3 8
0.38461538461538464 4 8
0.13043478260869565 5 8
0.1 6 8
0.13793103448275862 4 8
0.14634146341463414 2 8
0.5 6 8
0.5833333333333334 0 8
0.1794871794871795 2 8
0.391304347826087 0 8
0.1724137931034483 3 8
0.06896551724137931 4 8
0.5 7 8
0.4166666666666667 2 8
0.5714285714285714 4 8
0.5806451612903226 73 8
0.25925925925925924 3 8
0.1935483870967742 5 8
0.2631578947368421 4 8
0.075 1 8
0.11764705882352941 4 8
0.1935483870967742 2 8
0.4444444444444444 3 8
0.12195121951219512 0 8
0.1935483870967742 4 8
0.22727272727272727 4 8
0.0967741935483871 5 8
0.175 0 8
0.13513513513513514 1 7
0.21212121212121213 2 7
0.1875 5 7
0.3888888888888889 1 7
0.25806451612903225 1 7
0.24 1 7
0.1875 6 7
0.06060606060606061 3 7
0.2413793103448276 1 7
0.30434782608695654 2 7
0.3684210526315789 1 7
0.17857142857142858 2 7
0.09375 3 7
0.17391304347826086 6 7
0.38095238095238093 1 7
0.4444444444444444 4 7
1.3333333333333333 0 7
0.11428571428571428 1 7
0.13043478260869565 6 7
0.11428571428571428 2 7
0.38461538461538464 2 7
0.45454545454545453 2 7
0.42857142857142855 6 7
0.2857142857142857 9 7
0.2903225806451613 0 7
0.3225806451612903 0 7
0.13513513513513514 2 7
0.2777777777777778 6 7
0.1111111111111111 7 7
0.4117647058823529 1 7
0.05263157894736842 2 7
0.12903225806451613 3 7
0.28 1 7
0.2222222222222222 9 7
0.2647058823529412 0 7
0.04878048780487805 1 7
0.7333333333333333 14 7
0.0625 3 7
0.22727272727272727 7 7
0.5555555555555556 4 7
0.46153846153846156 1 7
0.08 4 7
0.16666666666666666 9 7
0.0975609756097561 2 7
0.36363636363636365 5 7
0.46153846153846156 2 7
0.21739130434782608 5 7
0.29411764705882354 6 7
0.23684210526315788 1 7
0.15789473684210525 4 7
0.2571428571428571 0 7
0.10344827586206896 5 7
0.5454545454545454 2 7
0.1 7 7
0.10714285714285714 4 7
0.38461538461538464 5 7
0.08 3 7
0.16129032258064516 4 7
0.07894736842105263 5 7
0.075 2 7
0.05555555555555555 1 7
0.2 11 7
0.175 3 7
0.21428571428571427 6 7
0.07407407407407407 4 7
0.7142857142857143 2 7
0.21052631578947367 6 7
0.19047619047619047 5 7
0.20833333333333334 3 7
0.34285714285714286 0 7
0.23333333333333334 2 7
0.3125 5 7
0.23076923076923078 7 7
0.34782608695652173 1 7
0.0625 2 7
0.10344827586206896 3 6
0.13157894736842105 3 6
0.19047619047619047 7 6
0.2692307692307692 5 6
0.08108108108108109 1 6
0.2916666666666667 2 6
0.16666666666666666 12 6
0.05263157894736842 1 6
1.0 5 6
0.625 22 6
0.2692307692307692 3 6
0.3888888888888889 2 6
0.08333333333333333 5 6
0.35294117647058826 3 6
0.47368421052631576 0 6
0.07142857142857142 4 6
0.36 0 6
0.28 3 6
0.08571428571428572 2 6
0.18518518518518517 2 6
0.47619047619047616 0 6
0.1891891891891892 4 6
0.5555555555555556 2 6
0.5625 0 6
0.14705882352941177 5 6
0.5333333333333333 0 6
0.4090909090909091 0 6
0.4444444444444444 5 6
0.10810810810810811 2 6
0.4166666666666667 6 6
0.16216216216216217 4 6
0.14634146341463414 6 6
0.15 7 6
0.16129032258064516 5 6
0.39285714285714285 0 6
0.15384615384615385 12 6
0.06666666666666667 4 6
0.14814814814814814 7 6
0.10256410256410256 5 6
0.29411764705882354 5 6
0.2962962962962963 3 6
0.05405405405405406 3 6
0.29411764705882354 7 6
0.15151515151515152 4 6
0.75 2 6
0.10526315789473684 6 6
0.21875 3 6
0.15151515151515152 1 6
0.10256410256410256 3 6
0.3103448275862069 0 6
0.35 4 6
0.1935483870967742 6 6
0.24324324324324326 0 6
0.375 9 6
0.05714285714285714 3 6
0.3793103448275862 1 6
0.17391304347826086 5 6
0.24390243902439024 0 6
0.22727272727272727 8 6
0.1724137931034483 7 6
0.22580645161290322 2 6
0.21951219512195122 0 6
0.05555555555555555 4 6
0.375 5 6
0.09523809523809523 6 6
0.15151515151515152 6 6
0.17857142857142858 5 6
0.6 5 6
0.3684210526315789 4 6
0.17857142857142858 4 6
0.3684210526315789 3 6
0.30303030303030304 0 6
0.6 4 6
0.08823529411764706 4 6
0.275 0 6
0.375 7 6
0.21951219512195122 5 6
0.11764705882352941 7 6
0.3333333333333333 9 6
0.3 7 6
0.23076923076923078 6 6
0.06451612903225806 2 6
0.3125 16 6
0.45454545454545453 5 6
0.45454545454545453 4 6
0.20588235294117646 3 6
0.20588235294117646 1 6
0.12121212121212122 4 6
0.20512820512820512 2 6
0.23333333333333334 1 6
0.23529411764705882 6 6
0.6666666666666666 6 6
0.2222222222222222 7 6
0.09090909090909091 4 6
0.42857142857142855 12 6
0.36363636363636365 6 6
0.24 5 6
0.18181818181818182 9 6
0.0625 4 6
0.09375 5 6
0.5714285714285714 5 5
0.20689655172413793 7 5
0.16216216216216217 5 5
0.34615384615384615 2 5
0.20689655172413793 5 5
0.14705882352941177 1 5
0.38095238095238093 3 5
0.5789473684210527 0 5
0.3888888888888889 5 5
0.3181818181818182 7 5
0.3888888888888889 3 5
0.05128205128205128 1 5
0.23076923076923078 9 5
1.0 6 5
0.22857142857142856 1 5
0.21621621621621623 4 5
0.3 6 5
0.3333333333333333 11 5
0.15151515151515152 3 5
0.09523809523809523 5 5
0.17142857142857143 5 5
0.25 12 5
0.20689655172413793 4 5
0.24324324324324326 2 5
0.35294117647058826 2 5
0.05405405405405406 2 5
0.06451612903225806 4 5
0.07692307692307693 4 5
0.2972972972972973 0 5
0.7 2 5
0.23333333333333334 7 5
0.17647058823529413 8 5
0.12121212121212122 7 5
0.46153846153846156 3 5
0.19444444444444445 4 5
0.17857142857142858 6 5
0.2962962962962963 1 5
0.20588235294117646 4 5
0.5333333333333333 5 5
0.23333333333333334 5 5
0.2222222222222222 11 5
0.06896551724137931 5 5
0.5882352941176471 0 5
0.21052631578947367 7 5
0.0967741935483871 4 5
0.05555555555555555 3 5
0.22857142857142856 3 5
0.14634146341463414 1 5
0.17647058823529413 7 5
0.25 10 5
0.14634146341463414 3 5
0.2727272727272727 7 5
0.32 0 5
0.3333333333333333 12 5
0.17142857142857143 1 5
0.14285714285714285 10 5
0.25806451612903225 3 5
0.1891891891891892 5 5
0.1388888888888889 4 5
0.13333333333333333 6 5
0.10810810810810811 3 5
0.13513513513513514 4 5
0.13793103448275862 5 5
0.4482758620689655 0 5
0.30434782608695654 7 5
0.3103448275862069 9 5
0.32 17 5
0.24242424242424243 1 5
0.058823529411764705 3 5
0.08695652173913043 6 5
0.18421052631578946 1 5
0.12903225806451613 5 5
0.1 10 5
0.12121212121212122 1 5
0.11538461538461539 6 5
0.2571428571428571 17 5
1.5 3 5
0.11538461538461539 5 5
0.3157894736842105 4 5
0.058823529411764705 4 5
0.1794871794871795 5 5
0.05 3 5
0.15384615384615385 10 5
0.1794871794871795 1 5
0.08571428571428572 4 5
0.13636363636363635 5 5
0.625 1 5
0.36 1 5
0.05 2 5
0.6666666666666666 5 5
0.6363636363636364 0 5
0.2571428571428571 1 5
0.2682926829268293 0 5
0.25925925925925924 1 5
0.13043478260869565 7 5
0.2222222222222222 8 5
0.35 2 5
0.26666666666666666 7 5
0.20512820512820512 1 5
0.10256410256410256 2 5
0.10256410256410256 1 5
0.1951219512195122 0 5
0.35714285714285715 4 5
0.2692307692307692 1 5
0.3181818181818182 2 5
0.35294117647058826 5 5
0.19230769230769232 4 5
0.3076923076923077 10 5
0.23809523809523808 7 5
0.04878048780487805 4 5
0.2777777777777778 5 5
0.15625 4 5
0.19230769230769232 5 5
0.13157894736842105 2 5
0.07407407407407407 3 5
0.13157894736842105 1 5
0.1935483870967742 3 5
0.22580645161290322 3 4
0.2903225806451613 1 4
0.14285714285714285 11 4
0.05405405405405406 5 4
0.05128205128205128 3 4
0.05128205128205128 2 4
0.14285714285714285 14 4
0.1724137931034483 6 4
0.32 3 4
0.17857142857142858 8 4
0.3157894736842105 6 4
0.1111111111111111 8 4
0.28 6 4
0.18518518518518517 4 4
0.16129032258064516 2 4
0.17142857142857143 6 4
0.625 3 4
0.17142857142857143 7 4
0.17142857142857143 2 4
0.38095238095238093 13 4
0.3333333333333333 15 4
0.4230769230769231 0 4
0.1875 7 4
0.06060606060606061 4 4
0.11428571428571428 3 4
0.3888888888888889 4 4
0.5 18 4
0.22580645161290322 4 4
0.0975609756097561 1 4
0.2619047619047619 2 4
0.05405405405405406 6 4
0.17073170731707318 2 4
0.17073170731707318 3 4
0.38461538461538464 8 4
0.38461538461538464 7 4
0.2857142857142857 11 4
0.0975609756097561 3 4
0.2894736842105263 0 4
0.07317073170731707 4 4
0.8571428571428571 4 4
0.18181818181818182 8 4
0.30303030303030304 2 4
0.30434782608695654 5 4
0.391304347826087 6 4
0.2903225806451613 3 4
0.2413793103448276 5 4
0.5294117647058824 5 4
0.05405405405405406 4 4
0.18181818181818182 12 4
0.3225806451612903 1 4
0.5555555555555556 7 4
0.11764705882352941 8 4
0.28125 1 4
0.7222222222222222 56 4
0.4782608695652174 1 4
0.42857142857142855 8 4
0.09090909090909091 7 4
0.30434782608695654 4 4
0.42857142857142855 5 4
0.13636363636363635 6 4
0.24242424242424243 2 4
0.10810810810810811 7 4
0.1891891891891892 1 4
0.47368421052631576 4 4
0.5333333333333333 1 4
0.12 5 4
0.4375 3 4
0.4375 4 4
0.3076923076923077 9 4
0.75 27 4
0.3181818181818182 4 4
0.23809523809523808 9 4
0.08108108108108109 3 4
0.15625 9 4
0.32 2 4
0.18518518518518517 5 4
0.09090909090909091 6 4
0.07894736842105263 2 4
0.21621621621621623 1 4
0.6666666666666666 14 4
0.19444444444444445 5 4
0.32 1 4
0.3170731707317073 0 4
0.2 10 4
0.3125 6 4
0.45 0 4
0.2 14 4
0.05263157894736842 7 4
0.15384615384615385 8 4
0.23529411764705882 8 4
0.20512820512820512 7 4
0.8333333333333334 1 4
0.06666666666666667 6 4
0.4074074074074074 0 4
0.8333333333333334 2 4
0.12121212121212122 2 4
0.2916666666666667 4 4
0.125 9 4
0.2926829268292683 4 4
0.34146341463414637 0 4
0.075 4 4
0.3 8 4
0.8 3 4
0.2916666666666667 3 4
0.20833333333333334 8 4
0.27586206896551724 2 4
0.20833333333333334 9 4
0.35 5 4
0.19444444444444445 2 4
0.4444444444444444 6 4
0.06451612903225806 6 4
0.13043478260869565 8 4
0.34210526315789475 0 4
0.12195121951219512 3 4
0.08 5 4
0.125 8 4
0.047619047619047616 3 4
0.15625 3 4
0.23684210526315788 4 4
0.3888888888888889 6 4
0.42105263157894735 1 4
0.21951219512195122 3 4
0.1388888888888889 3 4
0.16216216216216217 2 4
0.5625 5 4
0.1 5 4
0.391304347826087 1 4
0.21621621621621623 3 4
0.14705882352941177 7 4
0.09375 6 4
0.1388888888888889 2 4
0.42105263157894735 2 4
0.2631578947368421 10 4
0.5833333333333334 20 4
0.4666666666666667 1 4
0.17647058823529413 6 4
0.2631578947368421 5 4
0.14705882352941177 4 4
0.35294117647058826 4 4
0.07894736842105263 1 4
0.2727272727272727 9 4
0.3181818181818182 3 4
0.2727272727272727 10 4
0.45454545454545453 6 4
0.1951219512195122 5 4
0.1951219512195122 6 4
0.3103448275862069 4 4
0.3125 11 4
0.1282051282051282 3 4
0.20588235294117646 7 4
0.16666666666666666 10 4
0.27586206896551724 7 4
0.23333333333333334 3 4
0.07894736842105263 3 4
0.36666666666666664 1 3
0.18421052631578946 2 3
0.14634146341463414 8 3
0.6 9 3
0.18181818181818182 18 3
0.0975609756097561 5 3
0.1388888888888889 6 3
0.36363636363636365 8 3
0.16666666666666666 14 3
0.6 6 3
0.08823529411764706 5 3
0.1388888888888889 5 3
0.17073170731707318 1 3
0.13333333333333333 8 3
0.36666666666666664 3 3
0.5 9 3
0.08823529411764706 6 3
0.1794871794871795 4 3
0.07894736842105263 4 3
0.11904761904761904 5 3
0.3235294117647059 2 3
0.32432432432432434 5 3
0.40540540540540543 8 3
0.10526315789473684 9 3
0.4473684210526316 15 3
0.3684210526315789 2 3
0.07317073170731707 1 3
0.1794871794871795 3 3
0.11428571428571428 6 3
0.5714285714285714 6 3
0.14285714285714285 9 3
0.13513513513513514 7 3
0.07317073170731707 3 3
0.35294117647058826 6 3
0.35294117647058826 7 3
0.5294117647058824 0 3
0.19230769230769232 6 3
0.14705882352941177 6 3
0.391304347826087 3 3
0.43478260869565216 2 3
0.18421052631578946 11 3
0.13793103448275862 9 3
0.3611111111111111 0 3
0.5 11 3
0.0967741935483871 6 3
0.5909090909090909 1 3
0.5 22 3
0.09090909090909091 15 3
0.175 12 3
0.38461538461538464 11 3
0.175 5 3
0.4166666666666667 5 3
0.38461538461538464 9 3
0.17142857142857143 3 3
0.06896551724137931 7 3
0.41935483870967744 0 3
0.1111111111111111 11 3
0.21621621621621623 2 3
0.3448275862068966 1 3
0.21428571428571427 14 3
0.5454545454545454 3 3
0.13157894736842105 4 3
0.20588235294117646 2 3
0.6923076923076923 3 3
0.21052631578947367 11 3
0.13157894736842105 6 3
0.07692307692307693 7 3
0.34615384615384615 3 3
0.13157894736842105 8 3
0.44 9 3
0.34782608695652173 2 3
0.15789473684210525 9 3
0.4375 5 3
0.4166666666666667 9 3
0.12 7 3
0.12 12 3
0.47058823529411764 1 3
0.47058823529411764 3 3
0.07692307692307693 6 3
0.10526315789473684 8 3
0.20833333333333334 5 3
0.41379310344827586 0 3
0.21052631578947367 9 3
0.20833333333333334 7 3
0.20833333333333334 6 3
0.075 3 3
0.47368421052631576 5 3
0.47058823529411764 8 3
0.4 9 3
0.4 10 3
0.4090909090909091 2 3
0.4666666666666667 5 3
0.21428571428571427 9 3
0.11904761904761904 8 3
0.7142857142857143 5 3
0.07407407407407407 5 3
0.07407407407407407 6 3
0.32432432432432434 0 3
0.4117647058823529 3 3
0.3333333333333333 13 3
0.21739130434782608 9 3
0.2222222222222222 14 3
0.7692307692307693 0 3
0.07142857142857142 6 3
0.21428571428571427 8 3
0.32142857142857145 1 3
0.12195121951219512 6 3
0.12195121951219512 5 3
0.5384615384615384 1 3
0.21875 5 3
0.21875 4 3
0.21875 1 3
0.5384615384615384 3 3
0.12195121951219512 1 3
0.3225806451612903 8 3
0.125 11 3
0.21212121212121213 5 3
0.43478260869565216 10 3
0.24 6 3
0.5294117647058824 1 3
0.2692307692307692 4 3
0.2647058823529412 2 3
0.29411764705882354 8 3
0.2702702702702703 0 3
0.275 1 3
0.27586206896551724 6 3
0.2727272727272727 12 3
0.047619047619047616 2 3
1.6666666666666667 3 3
0.04878048780487805 2 3
0.04878048780487805 3 3
0.2692307692307692 8 3
0.28125 2 3
0.2692307692307692 2 3
0.2571428571428571 3 3
0.04878048780487805 6 3
0.28 5 3
0.05 1 3
0.05 4 3
0.05 5 3
0.2571428571428571 2 3
0.2564102564102564 6 3
0.23076923076923078 10 3
0.06060606060606061 8 3
0.2413793103448276 3 3
0.8709677419354839 73 3
0.24 4 3
0.2631578947368421 14 3
0.2926829268292683 0 3
0.23809523809523808 10 3
0.2903225806451613 2 3
0.19444444444444445 3 3
0.22580645161290322 7 3
0.06666666666666667 5 3
0.225 5 3
0.22580645161290322 5 3
0.22727272727272727 5 3
0.225 4 3
0.22580645161290322 6 3
0.06451612903225806 5 3
0.22857142857142856 6 3
0.06666666666666667 7 3
0.23076923076923078 8 3
0.05 12 3
0.2916666666666667 6 3
0.2631578947368421 7 3
0.05128205128205128 4 3
1.125 0 3
0.2619047619047619 0 3
0.2857142857142857 10 3
0.2608695652173913 8 3
0.25925925925925924 5 3
0.28125 11 3
0.25925925925925924 4 3
0.05263157894736842 4 3
0.047619047619047616 1 3
0.2916666666666667 5 3
0.3076923076923077 8 3
0.24390243902439024 1 3
0.06060606060606061 5 3
0.18518518518518517 8 3
0.11764705882352941 10 3
0.16216216216216217 3 3
0.16129032258064516 6 3
0.08333333333333333 6 3
0.391304347826087 2 3
0.47619047619047616 4 3
0.14705882352941177 3 3
0.1875 9 3
0.1875 8 3
0.625 2 3
0.42857142857142855 18 3
0.16216216216216217 6 3
0.18518518518518517 7 3
0.3181818181818182 5 3
0.18518518518518517 6 3
0.0975609756097561 10 3
0.11538461538461539 7 3
0.36 6 3
0.625 5 3
0.13333333333333333 7 3
0.08 6 3
0.1951219512195122 7 3
0.19444444444444445 9 3
0.4375 2 3
0.3076923076923077 11 3
0.19444444444444445 6 3
0.27586206896551724 1 3
0.19047619047619047 8 3
0.875 6 3
0.2962962962962963 2 3
0.3103448275862069 1 3
0.3 9 3
0.2413793103448276 8 3
0.23684210526315788 5 3
0.3103448275862069 8 3
0.0625 9 3
0.0625 14 3
0.3142857142857143 0 3
0.2413793103448276 6 3
0.3055555555555556 1 3
0.29411764705882354 9 3
0.05555555555555555 9 3
0.0625 5 3
0.2962962962962963 4 3
0.24324324324324326 1 3
0.8888888888888888 0 3
0.2962962962962963 9 3
0.05714285714285714 6 3
0.24242424242424243 5 3
0.2972972972972973 13 3
0.05714285714285714 5 3
0.05555555555555555 5 3
1.0 4 3
0.25 13 3
0.25 17 3
0.24324324324324326 3 3
0.24 9 2
0.17142857142857143 4 2
0.1794871794871795 13 2
0.23809523809523808 8 2
0.17142857142857143 10 2
0.2413793103448276 2 2
0.2413793103448276 7 2
0.1724137931034483 5 2
0.07317073170731707 2 2
0.08571428571428572 5 2
0.21951219512195122 1 2
0.11428571428571428 4 2
0.23684210526315788 15 2
0.2413793103448276 9 2
0.08333333333333333 7 2
0.08571428571428572 6 2
0.07407407407407407 7 2
0.21875 2 2
0.18181818181818182 11 2
0.07407407407407407 8 2
0.12121212121212122 6 2
0.23809523809523808 17 2
0.11428571428571428 8 2
0.24242424242424243 4 2
0.24324324324324326 9 2
0.12 8 2
0.1111111111111111 10 2
0.075 5 2
0.16666666666666666 18 2
0.07142857142857142 7 2
0.12 6 2
0.07142857142857142 5 2
0.16666666666666666 11 2
0.21739130434782608 7 2
0.18181818181818182 17 2
0.21739130434782608 6 2
0.1111111111111111 12 2
0.12195121951219512 2 2
0.12195121951219512 4 2
0.23684210526315788 9 2
0.23684210526315788 7 2
0.24324324324324326 4 2
0.11538461538461539 8 2
0.24324324324324326 6 2
0.18421052631578946 8 2
0.24242424242424243 6 2
0.21739130434782608 10 2
0.08695652173913043 8 2
0.075 9 2
0.06896551724137931 6 2
0.21428571428571427 10 2
0.1794871794871795 8 2
0.1794871794871795 7 2
0.16 6 2
0.11904761904761904 7 2
0.23529411764705882 11 2
0.06451612903225806 8 2
0.06451612903225806 7 2
0.1875 16 2
0.25 11 2
0.25806451612903225 5 2
0.2222222222222222 10 2
0.25 15 2
0.25 22 2
0.125 10 2
0.08108108108108109 12 2
0.17647058823529413 10 2
0.21621621621621623 5 2
0.23529411764705882 7 2
0.2564102564102564 4 2
0.09523809523809523 7 2
0.15789473684210525 13 2
0.2564102564102564 7 2
0.2564102564102564 8 2
0.1282051282051282 12 2
0.15789473684210525 10 2
0.17391304347826086 9 2
0.23333333333333334 9 2
0.23333333333333334 6 2
0.2571428571428571 5 2
0.1891891891891892 8 2
0.21212121212121213 6 2
0.06060606060606061 14 2
0.21212121212121213 4 2
0.21212121212121213 3 2
0.08333333333333333 8 2
0.11538461538461539 9 2
0.17857142857142858 10 2
0.10810810810810811 10 2
0.15384615384615385 16 2
0.2571428571428571 19 2
0.10810810810810811 9 2
0.06060606060606061 6 2
0.11904761904761904 2 2
0.09375 7 2
0.24242424242424243 7 2
0.15384615384615385 9 2
0.23333333333333334 4 2
0.09523809523809523 8 2
0.058823529411764705 7 2
0.10810810810810811 6 2
0.12903225806451613 15 2
0.13043478260869565 9 2
0.10810810810810811 5 2
0.13043478260869565 13 2
0.225 2 2
0.11904761904761904 1 2
0.175 1 2
0.13157894736842105 5 2
0.2608695652173913 6 2
0.2608695652173913 7 2
0.17857142857142858 9 2
0.07692307692307693 12 2
0.20689655172413793 9 2
0.11764705882352941 9 2
0.225 6 2
0.17857142857142858 7 2
0.13333333333333333 9 2
0.2608695652173913 5 2
0.175 7 2
0.21052631578947367 8 2
0.12903225806451613 11 2
0.09523809523809523 11 2
0.21951219512195122 7 2
0.15151515151515152 5 2
0.0967741935483871 7 2
0.10714285714285714 5 2
0.10714285714285714 8 2
0.10714285714285714 9 2
0.2608695652173913 17 2
0.175 2 2
0.05555555555555555 2 2
0.0967741935483871 8 2
0.05555555555555555 6 2
0.07894736842105263 6 2
0.15 8 2
0.05263157894736842 3 2
0.19230769230769232 11 2
0.2631578947368421 8 2
0.11764705882352941 16 2
0.14814814814814814 9 2
0.08 9 2
0.2619047619047619 4 2
0.05555555555555555 7 2
0.0975609756097561 7 2
0.14814814814814814 6 2
0.23076923076923078 12 2
0.2647058823529412 5 2
0.25806451612903225 9 2
0.05128205128205128 6 2
0.2647058823529412 1 2
0.1935483870967742 8 2
0.2647058823529412 3 2
0.14814814814814814 5 2
0.05128205128205128 5 2
0.0975609756097561 11 2
0.2682926829268293 9 2
0.14705882352941177 9 2
0.13513513513513514 6 2
0.13333333333333333 19 2
0.14634146341463414 12 2
0.14634146341463414 10 2
0.20512820512820512 5 2
0.13513513513513514 3 2
0.14634146341463414 4 2
0.20512820512820512 3 2
0.2682926829268293 1 2
0.2647058823529412 7 2
0.13333333333333333 13 2
0.22580645161290322 8 2
0.2 25 2
0.2702702702702703 9 2
0.11764705882352941 12 2
0.17647058823529413 16 2
0.2692307692307692 6 2
0.10526315789473684 11 2
0.2 20 2
0.1388888888888889 7 2
0.2702702702702703 1 2
0.04878048780487805 10 2
0.22857142857142856 10 2
0.2 13 2
0.05128205128205128 7 2
0.13513513513513514 12 2
0.10256410256410256 4 2
0.22857142857142856 5 2
0.22857142857142856 4 2
0.13636363636363635 10 2
0.19444444444444445 7 2
0.1951219512195122 1 2
0.10344827586206896 7 2
0.07692307692307693 9 2
0.1794871794871795 6 2
0.43478260869565216 5 2
0.17391304347826086 7 2
0.3548387096774194 0 2
0.47368421052631576 9 2
0.43478260869565216 4 2
0.42857142857142855 10 2
0.28 11 2
0.4090909090909091 17 2
0.42857142857142855 7 2
0.28125 3 2
0.28125 7 2
0.28125 9 2
0.43478260869565216 8 2
0.425 0 2
0.4230769230769231 4 2
0.42105263157894735 8 2
1.3333333333333333 10 2
0.42105263157894735 3 2
0.5 10 2
0.5 12 2
0.5 23 2
1.25 3 2
1.2 6 2
0.41935483870967744 1 2
0.41025641025641024 2 2
0.9285714285714286 48 2
0.4090909090909091 6 2
0.8333333333333334 4 2
0.6470588235294118 0 2
0.6470588235294118 2 2
0.8571428571428571 2 2
0.3076923076923077 23 2
0.35135135135135137 0 2
0.3103448275862069 2 2
0.3125 10 2
0.3103448275862069 3 2
0.6666666666666666 8 2
0.6666666666666666 13 2
0.8461538461538461 0 2
0.8333333333333334 3 2
0.34782608695652173 5 2
0.34782608695652173 3 2
0.34615384615384615 17 2
0.34615384615384615 8 2
0.34615384615384615 5 2
0.34615384615384615 1 2
0.6875 5 2
0.8 6 2
1.4 1 2
0.4166666666666667 12 2
0.28 9 2
0.4166666666666667 8 2
0.4117647058823529 2 2
0.4117647058823529 5 2
0.4117647058823529 7 2
0.4117647058823529 8 2
1.0 17 2
0.5263157894736842 0 2
0.2903225806451613 9 2
0.2894736842105263 4 2
0.2903225806451613 13 2
0.5294117647058824 7 2
0.4166666666666667 10 2
0.2903225806451613 8 2
0.4166666666666667 7 2
0.2903225806451613 6 2
0.2903225806451613 4 2
0.2857142857142857 15 2
0.5185185185185185 0 2
0.5238095238095238 0 2
0.5333333333333333 2 2
0.1951219512195122 8 2
0.3181818181818182 9 2
0.4444444444444444 10 2
0.47368421052631576 1 2
0.45 3 2
0.4583333333333333 1 2
0.45714285714285713 0 2
0.27586206896551724 4 2
0.27586206896551724 5 2
0.46153846153846156 5 2
0.45454545454545453 9 2
0.46153846153846156 6 2
0.4666666666666667 3 2
0.45 5 2
0.4375 1 2
0.4375 13 2
1.6666666666666667 14 2
1.5 13 2
1.5 4 2
0.27586206896551724 9 2
0.4666666666666667 6 2
1.5 2 2
0.2777777777777778 7 2
0.2777777777777778 8 2
0.47058823529411764 10 2
0.6363636363636364 3 2
0.4666666666666667 7 2
0.3548387096774194 1 2
0.39285714285714285 4 2
0.8571428571428571 47 2
0.8571428571428571 5 2
0.36 5 2
0.3783783783783784 2 2
0.5714285714285714 9 2
0.5714285714285714 8 2
0.38095238095238093 2 2
1.0 8 2
0.5384615384615384 6 2
0.5428571428571428 0 2
0.2916666666666667 11 2
0.2926829268292683 2 2
0.4 13 2
0.2926829268292683 8 2
0.4 8 2
0.5454545454545454 5 2
0.5454545454545454 12 2
0.55 2 2
0.39473684210526316 7 2
0.625 4 2
0.3939393939393939 3 2
0.36 12 2
0.6153846153846154 1 2
0.6111111111111112 0 2
0.37142857142857144 0 2
0.25806451612903225 4 2
0.3548387096774194 5 2
0.35 11 2
0.5833333333333334 1 2
0.375 15 2
0.9090909090909091 0 2
0.375 8 2
0.5833333333333334 2 2
0.5833333333333334 3 2
0.37037037037037035 1 2
0.6060606060606061 0 2
0.3 14 2
0.3 15 2
0.3684210526315789 6 2
0.30303030303030304 7 2
0.36666666666666664 12 2
0.36585365853658536 4 2
0.36363636363636365 12 2
0.36363636363636365 9 2
0.3055555555555556 0 2
0.56 10 2
0.875 0 2
0.391304347826087 8 2
0.3157894736842105 8 2
0.7272727272727273 4 2
0.34375 4 2
0.325 5 2
0.3235294117647059 0 2
0.3225806451612903 12 2
0.7777777777777778 2 2
0.3170731707317073 2 2
0.7777777777777778 1 2
0.3225806451612903 3 2
0.75 5 2
0.32142857142857145 9 2
0.32142857142857145 5 2
0.75 8 2
0.75 28 2
0.3157894736842105 18 2
0.5333333333333333 14 2
0.34375 10 2
0.3448275862068966 4 2
0.3888888888888889 17 2
0.35714285714285715 10 2
0.625 6 2
0.7272727272727273 0 2
0.32142857142857145 4 2
0.7857142857142857 0 2
0.36 3 2
0.5652173913043478 2 2
0.5625 8 2
0.7142857142857143 9 2
0.5625 6 2
0.3870967741935484 2 2
0.3870967741935484 1 2
0.3870967741935484 0 2
0.38235294117647056 5 2
0.39285714285714285 9 2
0.8571428571428571 3 2
0.9166666666666666 0 2
0.35714285714285715 19 2
0.7 4 2
0.34285714285714286 3 2
0.3142857142857143 22 2
0.8 5 2
0.34210526315789475 2 2
0.7142857142857143 7 2
0.3333333333333333 16 2
0.24324324324324326 14 1
0.25925925925925924 10 1
0.2903225806451613 5 1
0.25925925925925924 12 1
0.25925925925925924 13 1
0.2777777777777778 10 1
0.2777777777777778 11 1
0.2682926829268293 8 1
0.2777777777777778 13 1
0.2777777777777778 19 1
0.2682926829268293 22 1
0.26666666666666666 18 1
0.24390243902439024 5 1
0.24324324324324326 18 1
0.2972972972972973 1 1
0.2972972972972973 14 1
0.2962962962962963 13 1
0.3 140 1
0.24242424242424243 134 1
0.28 8 1
0.24324324324324326 5 1
0.24324324324324326 7 1
0.2962962962962963 6 1
0.2962962962962963 35 1
0.24390243902439024 6 1
0.2972972972972973 2 1
0.2972972972972973 3 1
0.2972972972972973 7 1
0.2972972972972973 8 1
0.2972972972972973 10 1
0.2972972972972973 12 1
0.26666666666666666 13 1
0.2702702702702703 3 1
0.26666666666666666 8 1
0.28125 5 1
0.2702702702702703 13 1
0.2702702702702703 6 1
0.2702702702702703 2 1
0.2692307692307692 11 1
0.28125 4 1
0.30303030303030304 10 1
0.2631578947368421 18 1
0.2647058823529412 13 1
0.2857142857142857 23 1
0.2857142857142857 25 1
0.2857142857142857 33 1
0.2857142857142857 40 1
0.30303030303030304 6 1
0.2857142857142857 41 1
0.27586206896551724 12 1
0.27586206896551724 11 1
0.2702702702702703 16 1
0.27586206896551724 8 1
0.2702702702702703 18 1
0.2727272727272727 13 1
0.2727272727272727 16 1
0.2727272727272727 25 1
0.275 2 1
0.275 3 1
0.2692307692307692 9 1
0.2692307692307692 7 1
0.2777777777777778 9 1
0.26666666666666666 10 1
0.2647058823529412 4 1
0.2647058823529412 10 1
0.28 15 1
0.24242424242424243 10 1
0.2926829268292683 5 1
0.30303030303030304 4 1
0.2571428571428571 7 1
0.34146341463414637 2 1
0.34146341463414637 1 1
0.3333333333333333 35 1
0.2571428571428571 12 1
0.2571428571428571 8 1
0.2926829268292683 13 1
0.2571428571428571 6 1
0.30303030303030304 3 1
0.2926829268292683 3 1
0.2571428571428571 4 1
0.2564102564102564 14 1
0.2564102564102564 11 1
0.2564102564102564 5 1
0.29411764705882354 10 1
0.16216216216216217 9 1
0.391304347826087 11 1
0.16 8 1
0.16 10 1
0.391304347826087 5 1
0.16 13 1
0.16129032258064516 8 1
0.16129032258064516 9 1
0.16129032258064516 12 1
0.3902439024390244 30 1
0.3888888888888889 18 1
0.16129032258064516 13 1
0.3888888888888889 13 1
0.3888888888888889 9 1
0.3888888888888889 8 1
0.16129032258064516 22 1
0.2857142857142857 17 1
0.29411764705882354 15 1
0.29411764705882354 39 1
0.2564102564102564 19 1
0.2916666666666667 9 1
0.24242424242424243 11 1
0.24242424242424243 13 1
0.3 35 1
0.24242424242424243 25 1
0.3 20 1
0.3 17 1
0.24242424242424243 14 1
0.24242424242424243 15 1
0.24242424242424243 18 1
0.3 11 1
0.25 25 1
0.25 29 1
0.2564102564102564 2 1
0.25806451612903225 6 1
0.2916666666666667 8 1
0.2564102564102564 3 1
0.2916666666666667 7 1
0.2571428571428571 22 1
0.2571428571428571 27 1
0.25806451612903225 2 1
0.25806451612903225 10 1
0.2926829268292683 1 1
0.2903225806451613 18 1
0.2903225806451613 15 1
0.25806451612903225 12 1
0.25806451612903225 41 1
0.25925925925925924 7 1
0.2903225806451613 7 1
0.2571428571428571 18 1
0.2571428571428571 13 1
0.2608695652173913 12 1
0.325 0 1
0.2894736842105263 1 1
0.32432432432432434 16 1
0.32432432432432434 3 1
0.32432432432432434 4 1
0.21621621621621623 16 1
0.32432432432432434 10 1
0.32432432432432434 12 1
0.32432432432432434 14 1
0.39285714285714285 5 1
0.2608695652173913 10 1
0.325 1 1
0.325 2 1
0.21621621621621623 11 1
0.325 8 1
0.325 11 1
0.3235294117647059 10 1
0.32432432432432434 1 1
0.21621621621621623 22 1
0.21621621621621623 8 1
0.21621621621621623 7 1
0.21621621621621623 6 1
0.3333333333333333 18 1
0.3333333333333333 24 1
0.3333333333333333 23 1
0.3333333333333333 22 1
0.21052631578947367 10 1
0.3333333333333333 20 1
0.3333333333333333 19 1
0.21052631578947367 13 1
0.21428571428571427 34 1
0.21212121212121213 8 1
0.21212121212121213 10 1
0.21212121212121213 12 1
0.4230769230769231 11 1
0.3170731707317073 8 1
0.22580645161290322 12 1
0.24 11 1
0.3055555555555556 10 1
0.3055555555555556 8 1
0.3055555555555556 7 1
0.3055555555555556 2 1
0.2413793103448276 10 1
0.30434782608695654 23 1
0.30434782608695654 16 1
0.30434782608695654 14 1
0.30434782608695654 13 1
0.30434782608695654 9 1
0.2413793103448276 12 1
0.2413793103448276 16 1
0.30434782608695654 6 1
0.24 15 1
0.23809523809523808 20 1
0.23809523809523808 12 1
0.30952380952380953 0 1
0.3103448275862069 5 1
0.23529411764705882 33 1
0.23684210526315788 2 1
0.23684210526315788 8 1
0.30952380952380953 14 1
0.30952380952380953 6 1
0.23684210526315788 11 1
0.23809523809523808 16 1
0.3076923076923077 20 1
0.3076923076923077 18 1
0.3076923076923077 14 1
0.3076923076923077 13 1
0.3076923076923077 12 1
0.21212121212121213 13 1
0.21428571428571427 12 1
0.21428571428571427 13 1
0.2631578947368421 16 1
0.32142857142857145 2 1
0.21951219512195122 6 1
0.24242424242424243 3 1
0.24242424242424243 8 1
0.24242424242424243 9 1
0.28125 8 1
0.2608695652173913 30 1
0.2619047619047619 3 1
0.2619047619047619 14 1
0.2619047619047619 23 1
0.2619047619047619 28 1
0.2631578947368421 9 1
0.2631578947368421 11 1
0.2631578947368421 13 1
0.28205128205128205 8 1
0.21951219512195122 2 1
0.28205128205128205 7 1
0.28205128205128205 6 1
0.28205128205128205 4 1
0.28205128205128205 1 1
0.28205128205128205 0 1
0.2857142857142857 12 1
0.2857142857142857 13 1
0.2608695652173913 16 1
0.2894736842105263 2 1
0.2894736842105263 11 1
0.2894736842105263 8 1
0.2894736842105263 7 1
0.2894736842105263 6 1
0.2894736842105263 5 1
0.21951219512195122 4 1
0.32142857142857145 7 1
0.3235294117647059 13 1
0.225 3 1
0.3235294117647059 9 1
0.3170731707317073 26 1
0.3235294117647059 1 1
0.32 8 1
0.32 7 1
0.32 5 1
0.32 4 1
0.21951219512195122 11 1
0.21951219512195122 22 1
0.2222222222222222 16 1
0.3181818181818182 13 1
0.225 1 1
0.3181818181818182 8 1
0.3181818181818182 6 1
0.225 7 1
0.32142857142857145 11 1
0.225 10 1
0.22580645161290322 10 1
0.32 9 1
0.32 14 1
0.32 15 1
0.32142857142857145 24 1
0.21739130434782608 8 1
0.3225806451612903 11 1
0.3225806451612903 10 1
0.3225806451612903 7 1
0.21739130434782608 18 1
0.21875 6 1
0.32142857142857145 14 1
0.21951219512195122 10 1
0.16 7 1
0.40625 6 1
0.39285714285714285 6 1
0.20689655172413793 44 1
0.34782608695652173 4 1
0.2 24 1
0.3448275862068966 3 1
0.3448275862068966 2 1
0.20512820512820512 12 1
0.20833333333333334 10 1
0.34285714285714286 1 1
0.17647058823529413 11 1
0.34285714285714286 4 1
0.34285714285714286 6 1
0.20588235294117646 47 1
0.34375 1 1
0.34375 3 1
0.20588235294117646 8 1
0.2 15 1
0.2 18 1
0.2 19 1
0.34615384615384615 18 1
0.34615384615384615 11 1
0.34615384615384615 6 1
0.20512820512820512 10 1
0.34615384615384615 4 1
0.2 33 1
0.20512820512820512 9 1
0.3448275862068966 11 1
0.3448275862068966 9 1
0.3448275862068966 5 1
0.3548387096774194 8 1
0.3548387096774194 11 1
0.19047619047619047 12 1
0.19047619047619047 11 1
0.34375 6 1
0.34375 8 1
0.20588235294117646 6 1
0.3548387096774194 3 1
0.35 6 1
0.1935483870967742 12 1
0.19444444444444445 1 1
0.1951219512195122 3 1
0.34782608695652173 16 1
0.34782608695652173 14 1
0.35135135135135137 28 1
0.1935483870967742 7 1
0.19230769230769232 24 1
0.19047619047619047 18 1
0.3548387096774194 7 1
0.3548387096774194 6 1
0.19047619047619047 13 1
0.3548387096774194 4 1
0.19047619047619047 15 1
0.34375 13 1
0.35294117647058826 20 1
0.19230769230769232 15 1
0.35294117647058826 19 1
0.35294117647058826 11 1
0.35294117647058826 8 1
0.19230769230769232 7 1
0.19230769230769232 8 1
0.19230769230769232 14 1
0.34782608695652173 11 1
0.34782608695652173 6 1
0.3783783783783784 1 1
0.2 12 1
0.20512820512820512 16 1
0.34375 17 1
0.37037037037037035 2 1
0.17647058823529413 14 1
0.39473684210526316 6 1
0.1891891891891892 6 1
0.1875 13 1
0.19047619047619047 10 1
0.19047619047619047 9 1
0.1891891891891892 10 1
0.1891891891891892 9 1
0.1891891891891892 7 1
0.1875 12 1
0.17647058823529413 18 1
0.35714285714285715 11 1
0.1875 22 1
0.358974358974359 0 1
0.358974358974359 4 1
0.358974358974359 6 1
0.358974358974359 7 1
0.18518518518518517 11 1
0.36363636363636365 10 1
0.18421052631578946 3 1
0.18181818181818182 10 1
0.36363636363636365 7 1
0.18181818181818182 13 1
0.18181818181818182 14 1
0.18181818181818182 21 1
0.18181818181818182 23 1
0.18421052631578946 4 1
0.18421052631578946 21 1
0.3611111111111111 24 1
0.3611111111111111 14 1
0.18421052631578946 6 1
0.36 18 1
0.18421052631578946 10 1
0.36 9 1
0.358974358974359 13 1
0.35714285714285715 12 1
0.36363636363636365 11 1
0.175 4 1
0.3684210526315789 9 1
0.3684210526315789 5 1
0.17857142857142858 11 1
0.36666666666666664 11 1
0.1794871794871795 11 1
0.36666666666666664 2 1
0.1794871794871795 12 1
0.36666666666666664 0 1
0.36585365853658536 11 1
0.36585365853658536 0 1
0.36363636363636365 16 1
0.37037037037037035 3 1
0.37037037037037035 4 1
0.37142857142857144 1 1
0.3783783783783784 0 1
0.1794871794871795 15 1
0.17391304347826086 17 1
0.17391304347826086 18 1
0.375 13 1
0.375 11 1
0.375 10 1
0.175 6 1
0.37142857142857144 4 1
0.175 8 1
0.175 9 1
0.175 10 1
0.175 16 1
0.175 27 1
0.37142857142857144 8 1
0.36363636363636365 14 1
0.35 7 1
0.35 9 1
0.35 10 1
0.17073170731707318 5 1
0.17073170731707318 12 1
0.17073170731707318 8 1
0.17073170731707318 7 1
0.17142857142857143 9 1
0.17073170731707318 6 1
0.38461538461538464 22 1
0.17073170731707318 4 1
0.1935483870967742 10 1
0.16666666666666666 21 1
0.3870967741935484 8 1
0.3870967741935484 10 1
0.38461538461538464 19 1
0.17142857142857143 30 1
0.38235294117647056 12 1
0.38461538461538464 6 1
0.17073170731707318 15 1
0.17073170731707318 20 1
0.15625 6 1
0.15625 5 1
0.15384615384615385 38 1
0.15384615384615385 32 1
0.4166666666666667 21 1
0.14285714285714285 18 1
0.14285714285714285 21 1
0.14285714285714285 23 1
0.14634146341463414 5 1
0.14634146341463414 7 1
0.14705882352941177 8 1
0.14705882352941177 16 1
0.4146341463414634 8 1
0.41379310344827586 6 1
0.38235294117647056 3 1
0.3793103448275862 5 1
0.1724137931034483 24 1
0.16216216216216217 8 1
0.15625 8 1
0.15625 13 1
0.15625 16 1
0.15789473684210525 8 1
0.39473684210526316 10 1
0.15789473684210525 14 1
0.3939393939393939 8 1
0.39285714285714285 8 1
0.3939393939393939 6 1
0.15789473684210525 15 1
0.3939393939393939 2 1
0.3939393939393939 1 1
0.3939393939393939 0 1
0.15789473684210525 18 1
0.16216216216216217 12 1
0.1724137931034483 22 1
0.3783783783783784 10 1
0.16666666666666666 15 1
0.38235294117647056 2 1
0.38235294117647056 0 1
0.38095238095238093 25 1
0.38095238095238093 19 1
0.1724137931034483 9 1
0.1724137931034483 10 1
0.38095238095238093 8 1
0.38095238095238093 7 1
0.38095238095238093 6 1
0.38095238095238093 5 1
0.1724137931034483 11 1
0.1724137931034483 17 1
0.41379310344827586 4 1
0.4117647058823529 38 1
0.4117647058823529 13 1
0.4074074074074074 2 1
0.4 12 1
0.4 11 1
0.15384615384615385 17 1
0.40625 11 1
0.4074074074074074 1 1
0.15 10 1
0.4090909090909091 7 1
0.15 22 1
0.15 42 1
0.41025641025641024 0 1
0.4090909090909091 12 1
0.4090909090909091 10 1
0.4090909090909091 8 1
0.15151515151515152 7 1
0.275 4 1
0.4 20 1
0.15151515151515152 8 1
0.4090909090909091 1 1
0.15151515151515152 12 1
0.4074074074074074 7 1
0.4074074074074074 3 1
0.3793103448275862 2 1
0.17391304347826086 13 1
0.20833333333333334 13 1
0.34782608695652173 7 1
0.35135135135135137 19 1
0.35135135135135137 9 1
0.35135135135135137 2 1
0.1935483870967742 9 1
0.35 13 1
0.4 17 1
0.4 21 1
0.4117647058823529 11 1
0.42105263157894735 5 1
0.4117647058823529 10 1
0.4166666666666667 132 1
0.14285714285714285 13 1
0.14285714285714285 12 1
0.13793103448275862 19 1
0.4230769230769231 8 1
0.4230769230769231 5 1
0.13793103448275862 12 1
0.4230769230769231 1 1
0.13793103448275862 14 1
0.42105263157894735 9 1
0.42105263157894735 7 1
0.41935483870967744 4 1
0.42105263157894735 6 1
0.42105263157894735 4 1
0.15384615384615385 11 1
0.13793103448275862 21 1
0.13793103448275862 31 1
0.1388888888888889 12 1
0.14814814814814814 13 1
0.14814814814814814 14 1
0.15 9 1
0.40476190476190477 12 1
0.24 16 1
0.40625 0 1
0.15384615384615385 13 1
0.40540540540540543 5 1
0.40476190476190477 35 1
0.15384615384615385 15 1
0.4 22 1
0.3055555555555556 15 1
0.6904761904761905 30 1
0.3103448275862069 6 1
0.4666666666666667 15 1
0.4583333333333333 21 1
0.4594594594594595 0 1
0.4594594594594595 4 1
0.12195121951219512 11 1
0.12195121951219512 12 1
0.4666666666666667 12 1
0.4666666666666667 39 1
0.4634146341463415 0 1
0.47368421052631576 10 1
0.47368421052631576 19 1
0.47619047619047616 1 1
0.47619047619047616 8 1
0.47619047619047616 19 1
0.47619047619047616 37 1
0.4583333333333333 3 1
0.4583333333333333 2 1
0.45714285714285713 22 1
0.4666666666666667 9 1
0.45714285714285713 14 1
0.45714285714285713 7 1
0.45714285714285713 3 1
0.45714285714285713 1 1
0.12195121951219512 25 1
0.45454545454545453 13 1
0.12195121951219512 10 1
0.12195121951219512 8 1
0.12195121951219512 7 1
0.12121212121212122 16 1
0.46153846153846156 8 1
0.46153846153846156 9 1
0.46153846153846156 10 1
0.11904761904761904 3 1
0.4782608695652174 0 1
0.4782608695652174 3 1
0.47058823529411764 5 1
0.13333333333333333 17 1
0.13333333333333333 24 1
0.13513513513513514 5 1
0.43333333333333335 27 1
0.125 14 1
0.125 13 1
0.45454545454545453 7 1
0.47058823529411764 6 1
0.11904761904761904 12 1
0.11904761904761904 22 1
0.4722222222222222 13 1
0.4722222222222222 8 1
0.47058823529411764 20 1
0.47058823529411764 16 1
0.11904761904761904 4 1
0.4782608695652174 6 1
0.10256410256410256 10 1
0.12 9 1
0.12 10 1
0.12 11 1
0.46875 12 1
0.46875 3 1
0.47368421052631576 2 1
0.47368421052631576 6 1
0.125 12 1
0.4782608695652174 2 1
0.4827586206896552 1 1
0.48 14 1
0.48 0 1
0.4782608695652174 18 1
0.46153846153846156 30 1
0.4634146341463415 14 1
0.06896551724137931 8 1
0.0625 6 1
0.07142857142857142 11 1
0.7692307692307693 3 1
0.8571428571428571 10 1
0.7692307692307693 6 1
0.06666666666666667 9 1
0.0625 7 1
0.06060606060606061 20 1
0.4642857142857143 0 1
0.8333333333333334 5 1
0.8333333333333334 14 1
0.8333333333333334 15 1
0.0625 8 1
0.8333333333333334 59 1
0.8461538461538461 9 1
0.07142857142857142 12 1
0.07142857142857142 13 1
0.07142857142857142 14 1
0.7419354838709677 0 1
0.7407407407407407 21 1
0.7368421052631579 12 1
0.7333333333333333 55 1
0.07142857142857142 16 1
0.7333333333333333 5 1
0.7333333333333333 1 1
0.7272727272727273 10 1
0.7272727272727273 5 1
0.07142857142857142 23 1
0.7272727272727273 3 1
0.07142857142857142 10 1
0.07142857142857142 9 1
0.75 7 1
0.8461538461538461 75 1
0.06060606060606061 7 1
0.058823529411764705 20 1
0.8 48 1
0.12121212121212122 12 1
0.12121212121212122 10 1
0.12 43 1
0.12 22 1
0.12 15 1
0.4666666666666667 8 1
0.47058823529411764 4 1
0.5833333333333334 6 1
0.55 5 1
0.06666666666666667 11 1
0.8181818181818182 0 1
0.8125 1 1
0.8125 0 1
0.8095238095238095 3 1
0.8 10 1
0.058823529411764705 14 1
0.8 8 1
0.0625 10 1
0.0625 19 1
0.8 4 1
0.0625 25 1
0.06451612903225806 10 1
0.7916666666666666 4 1
0.06451612903225806 16 1
0.7777777777777778 57 1
0.8181818181818182 3 1
0.8181818181818182 4 1
0.8235294117647058 2 1
0.06060606060606061 9 1
0.058823529411764705 11 1
0.4358974358974359 6 1
0.4358974358974359 18 1
0.43333333333333335 8 1
0.5263157894736842 8 1
0.5 21 1
0.5 20 1
0.1111111111111111 16 1
0.5 16 1
0.5 13 1
0.5151515151515151 3 1
0.5263157894736842 21 1
0.13333333333333333 11 1
0.10810810810810811 12 1
0.5476190476190477 0 1
0.10256410256410256 12 1
0.5454545454545454 9 1
0.5454545454545454 6 1
0.10344827586206896 6 1
0.1111111111111111 14 1
0.1111111111111111 13 1
0.5 26 1
0.5 34 1
0.5121951219512195 2 1
0.5128205128205128 17 1
0.5142857142857142 3 1
0.5172413793103449 0 1
0.5263157894736842 6 1
0.5185185185185185 3 1
0.5217391304347826 2 1
0.5217391304347826 7 1
0.5217391304347826 36 1
0.1111111111111111 9 1
0.5238095238095238 2 1
0.5238095238095238 3 1
0.5238095238095238 5 1
0.10344827586206896 16 1
0.10526315789473684 10 1
0.10526315789473684 13 1
0.10714285714285714 32 1
0.48484848484848486 0 1
0.11764705882352941 11 1
0.4838709677419355 12 1
0.11428571428571428 7 1
0.11428571428571428 12 1
0.4857142857142857 3 1
0.11428571428571428 10 1
0.11428571428571428 9 1
0.4878048780487805 10 1
0.5238095238095238 9 1
0.11428571428571428 5 1
0.1111111111111111 22 1
0.10810810810810811 8 1
0.5294117647058824 9 1
0.5333333333333333 3 1
0.5428571428571428 26 1
0.10714285714285714 13 1
0.5333333333333333 7 1
0.5333333333333333 12 1
0.10714285714285714 12 1
0.5333333333333333 15 1
0.5333333333333333 35 1
0.10714285714285714 11 1
0.5384615384615384 4 1
0.5384615384615384 9 1
0.5384615384615384 10 1
0.5405405405405406 3 1
0.5405405405405406 18 1
0.5416666666666666 1 1
0.10526315789473684 17 1
0.10810810810810811 13 1
0.5263157894736842 2 1
0.5263157894736842 4 1
0.13513513513513514 16 1
0.4482758620689655 9 1
0.4482758620689655 5 1
0.44 2 1
0.13157894736842105 11 1
0.4827586206896552 4 1
0.42857142857142855 11 1
0.42857142857142855 40 1
0.42857142857142855 21 1
0.42857142857142855 19 1
0.13513513513513514 9 1
0.42857142857142855 13 1
0.13513513513513514 11 1
0.13513513513513514 13 1
0.43333333333333335 0 1
0.13636363636363635 7 1
0.45 2 1
0.13636363636363635 8 1
0.13636363636363635 9 1
0.13636363636363635 17 1
0.13636363636363635 18 1
0.43243243243243246 8 1
0.43333333333333335 1 1
0.4375 21 1
0.13157894736842105 18 1
0.13157894736842105 14 1
0.4375 10 1
0.4375 7 1
0.4375 6 1
0.13157894736842105 16 1
0.13157894736842105 17 1
0.12903225806451613 7 1
0.1282051282051282 15 1
0.5263157894736842 5 1
0.4411764705882353 1 1
0.4827586206896552 18 1
0.275 5 1
0.4827586206896552 16 1
0.13157894736842105 7 1
0.4444444444444444 11 1
0.4444444444444444 9 1
0.4444444444444444 8 1
0.13043478260869565 12 1
0.13043478260869565 14 1
0.13043478260869565 24 1
0.13157894736842105 9 1
0.4444444444444444 15 1
0.4411764705882353 10 1
0.4411764705882353 9 1
0.44 14 1
0.45 7 1
0.13157894736842105 10 1
0.44 7 1
0.4444444444444444 12 1
0.12903225806451613 10 1
0.44 1 1
0.45 10 1
0.125 16 1
0.125 19 1
0.1282051282051282 5 1
0.1282051282051282 7 1
0.1282051282051282 10 1
0.45 17 1
0.45 8 1
0.12903225806451613 8 1
0.75 34 1
0.7647058823529411 12 1
0.3170731707317073 5 1
0.07692307692307693 8 1
0.07317073170731707 15 1
0.07317073170731707 10 1
0.7142857142857143 8 1
0.07317073170731707 9 1
0.7058823529411765 9 1
0.6923076923076923 5 1
0.65 0 1
0.625 10 1
0.08 7 1
0.07894736842105263 26 1
0.07894736842105263 13 1
0.07894736842105263 8 1
0.07692307692307693 16 1
0.6666666666666666 7 1
0.07407407407407407 9 1
0.7083333333333334 19 1
0.7 62 1
0.6923076923076923 13 1
0.075 6 1
0.7 17 1
0.7 6 1
0.075 11 1
0.7 1 1
0.075 14 1
0.6470588235294118 23 1
0.6470588235294118 4 1
0.6153846153846154 3 1
0.6470588235294118 3 1
0.625 28 1
0.625 20 1
0.625 15 1
0.07692307692307693 13 1
0.07692307692307693 11 1
0.6666666666666666 29 1
0.5714285714285714 15 1
0.10256410256410256 6 1
0.10256410256410256 8 1
0.10256410256410256 9 1
0.55 8 1
0.0975609756097561 6 1
0.5652173913043478 9 1
0.5652173913043478 20 1
0.5714285714285714 51 1
0.09523809523809523 9 1
0.5806451612903226 0 1
0.5789473684210527 3 1
0.5789473684210527 1 1
0.09523809523809523 10 1
0.5757575757575758 21 1
0.0975609756097561 4 1
0.6666666666666666 30 1
0.5714285714285714 10 1
0.09523809523809523 13 1
0.09523809523809523 21 1
0.0967741935483871 9 1
0.0967741935483871 13 1
0.0967741935483871 15 1
0.6153846153846154 0 1
0.6153846153846154 2 1
0.7142857142857143 11 1
0.6470588235294118 5 1
0.6875 3 1
0.6842105263157895 3 1
0.6842105263157895 1 1
0.6842105263157895 0 1
0.625 14 1
0.625 9 1
0.7647058823529411 10 1
0.23333333333333334 17 1
0.3142857142857143 2 1
0.3142857142857143 1 1
0.23076923076923078 15 1
0.3103448275862069 22 1
0.23529411764705882 9 1
0.23333333333333334 30 1
0.23333333333333334 10 1
0.625 8 1
0.3125 7 1
0.3125 8 1
0.3125 9 1
0.23076923076923078 37 1
0.3125 12 1
0.3125 13 1
0.22857142857142856 7 1
0.3170731707317073 1 1
0.22580645161290322 17 1
0.3157894736842105 53 1
0.22580645161290322 20 1
0.22727272727272727 6 1
0.22857142857142856 2 1
0.22857142857142856 8 1
0.3142857142857143 6 1
0.22857142857142856 15 1
0.22857142857142856 21 1
0.23076923076923078 14 1
0.3142857142857143 10 1
0.3142857142857143 9 1
0.3142857142857143 7 1
0.3103448275862069 13 1
0.3103448275862069 7 1
0.23076923076923078 19 1
0.3125 17 1
0.3125 18 1
0.6428571428571429 13 1
0.08108108108108109 13 1
0.08108108108108109 14 1
0.08333333333333333 20 1
0.08571428571428572 3 1
0.6190476190476191 13 1
0.6190476190476191 1 1
0.6190476190476191 0 1
0.6153846153846154 29 1
0.6285714285714286 1 1
0.631578947368421 3 1
0.08108108108108109 5 1
0.64 2 1
0.08 12 1
0.08 15 1
0.6428571428571429 1 1
0.3125 32 1
0.6428571428571429 0 1
0.64 13 1
0.6363636363636364 11 1
0.6363636363636364 1 1
0.6363636363636364 10 1
0.6363636363636364 7 1
0.6363636363636364 6 1
0.6363636363636364 5 1
0.08 17 1
0.6363636363636364 2 1
0.13793103448275862 6 1
0.4090909090909091 4 1
0.13793103448275862 11 1
0.23529411764705882 19 1
0.1 23 1
0.5555555555555556 5 1
0.1 16 1
1.5 21 1
1.5714285714285714 9 1
0.047619047619047616 5 1
1.6666666666666667 5 1
0.047619047619047616 4 1
1.6666666666666667 20 1
1.75 0 1
1.8888888888888888 5 1
0.5555555555555556 14 1
2.0 7 1
2.5 0 1
2.5 3 1
2.5 6 1
2.5 19 1
3.0 12 1
1.25 1 1
1.1666666666666667 4 1
0.8571428571428571 28 1
1.1428571428571428 1 1
0.9230769230769231 0 1
0.05555555555555555 10 1
0.9090909090909091 13 1
0.9090909090909091 6 1
0.05714285714285714 8 1
0.9047619047619048 0 1
0.9 20 1
0.8888888888888888 13 1
0.8888888888888888 7 1
0.8888888888888888 6 1
0.05714285714285714 9 1
0.05714285714285714 13 1
0.05714285714285714 20 1
2.0 0 1
0.047619047619047616 6 1
1.5 10 1
1.2 1 1
0.7619047619047619 11 1
0.7619047619047619 3 1
0.7619047619047619 0 1
0.06896551724137931 10 1
0.75 9 1
0.06896551724137931 11 1
0.75 21 1
0.75 17 1
0.75 14 1
0.75 13 1
0.06896551724137931 22 1
0.8571428571428571 6 1
0.8571428571428571 11 1
0.7142857142857143 22 1
0.047619047619047616 7 1
1.5 6 1
0.047619047619047616 9 1
0.04878048780487805 5 1
0.05 7 1
1.4285714285714286 50 1
0.05 10 1
1.375 0 1
1.3333333333333333 15 1
0.05 14 1
1.3333333333333333 8 1
0.05 18 1
1.2857142857142858 0 1
1.25 11 1
1.25 7 1
1.25 2 1
0.058823529411764705 5 1
0.058823529411764705 6 1
0.05555555555555555 8 1
0.08695652173913043 7 1
0.09090909090909091 19 1
0.08695652173913043 11 1
0.08695652173913043 9 1
0.6 7 1
0.6086956521739131 29 1
0.6111111111111112 41 1
0.6111111111111112 20 1
0.6111111111111112 5 1
0.6111111111111112 1 1
0.08571428571428572 16 1
0.6086956521739131 38 1
0.6086956521739131 6 1
0.6 8 1
0.6086956521739131 0 1
0.6 33 1
0.5882352941176471 2 1
0.6 26 1
0.6 13 1
0.6 11 1
0.13793103448275862 8 1
0.09375 12 1
0.08571428571428572 11 1
0.5806451612903226 82 1
0.5625 23 1
0.0975609756097561 9 1
0.1 13 1
0.1 15 1
0.56 8 1
0.56 5 1
0.5588235294117647 2 1
0.09090909090909091 13 1
0.5882352941176471 4 1
0.9354838709677419 91 1
0.05263157894736842 26 1
0.9411764705882353 56 1
0.05128205128205128 12 1
1.0909090909090908 10 1
1.0769230769230769 1 1
1.0 35 1
0.05128205128205128 10 1
1.0 23 1
1.0 21 1
1.0 15 1
0.05405405405405406 14 1
1.0 10 1
0.05263157894736842 8 1
1.0 7 1
0.05263157894736842 11 1
0.05405405405405406 9 1
0.5882352941176471 6 1
0.07317073170731707 6 1
0.7142857142857143 20 1
0.55 6 1
0.5833333333333334 4 1
0.08695652173913043 16 1
0.08823529411764706 9 1
0.08823529411764706 14 1
0.09090909090909091 8 1
0.09090909090909091 9 1
0.5925925925925926 0 1
0.5909090909090909 10 1
0.5909090909090909 6 1
0.5909090909090909 3 1
0.09090909090909091 11 1
5.333333333333333 4 1
