nobl cl_ratio count
0.09924242769468689 10.0 271
0.25421536245806836 9.0 115
0.3230111644142004 6.0 88
0.07995457534421888 19.0 78
0.303047012054496 25.0 6
0.060940109300054085 4.0 194
0.07410039832621809 5.0 244
0.08147305440804455 6.0 254
0.09509312339783597 16.0 103
0.07094555527448036 8.0 232
0.1737213075559196 4.0 218
0.06956102237572263 7.0 217
0.06320011052309432 14.0 114
0.0614389943541162 9.0 189
0.12319320371822053 8.0 275
0.07158504360844717 31.0 18
0.06329762164086249 11.0 179
0.05315046386695225 18.0 68
0.06356176052151445 13.0 133
0.20538812209640295 5.0 170
0.06752647831298947 15.0 91
0.19747195360796652 7.0 190
0.16124957313234062 15.0 105
0.30399445483192356 4.0 111
0.5735480762122449 7.0 27
0.154539540597111 11.0 190
0.21274081689045243 16.0 43
0.20142134816129842 6.0 178
0.17099692258468444 24.0 19
0.08514442284840858 12.0 192
0.11140621210616997 43.0 7
0.31663418074626315 11.0 51
0.2554672125902374 10.0 111
0.060571522633237625 17.0 64
0.2264170123049314 27.0 3
0.5220858724570733 4.0 48
0.0652940191371146 20.0 55
2.58008658008658 6.0 2
2.4444444444444446 5.0 1
0.5386196978419765 5.0 35
0.48072188021684203 8.0 42
0.05087056285014069 23.0 34
0.182685680226444 17.0 38
0.8893344645550528 7.0 6
0.39007011320689006 7.0 69
0.3508791833653386 12.0 48
0.8471887082592234 8.0 7
1.0465293668954996 8.0 3
0.7014404537042298 8.0 13
0.4265016103954626 10.0 24
0.26541783319191536 14.0 42
0.21896206421324815 12.0 103
0.6425981690236721 6.0 20
0.2876502795281946 8.0 112
0.5281038653114166 9.0 26
0.1145475353524691 21.0 72
0.1183214251760585 26.0 22
0.1060887256727182 9.0 264
0.05913100791524634 34.0 13
0.27419763819459536 47.0 2
0.41695251766575886 9.0 52
0.524437131230855 13.0 12
0.18463974813566122 18.0 41
0.9242483660130718 5.0 5
1.1796588332302618 6.0 7
0.822638499146004 9.0 9
0.06657643130838185 24.0 28
0.2689835888951031 15.0 50
0.3817279656672831 5.0 64
0.04106854255866347 40.0 5
0.057260081950948526 30.0 12
0.06150796765711612 21.0 56
0.08025390369773447 33.0 11
0.060668615031386715 22.0 45
0.05603440556830288 25.0 20
0.04833715708337487 71.0 4
0.06944243260754747 36.0 11
0.798901098901099 15.0 2
1.0234375 10.0 4
1.0 11.0 1
0.7796460532931121 11.0 5
1.1160714285714286 16.0 2
0.7118645805302477 12.0 4
0.7635209410830529 10.0 7
1.3835978835978837 7.0 3
2.05 6.0 2
1.996078431372549 8.0 2
0.694063065923665 4.0 21
0.7692307692307693 14.0 1
0.7969464186176143 13.0 4
1.4053127179725646 5.0 4
0.6729851771852482 5.0 26
2.25 4.0 2
2.242857142857143 5.0 2
2.8 5.0 1
1.2069444444444446 5.0 3
1.3918650793650795 4.0 4
1.8287037037037035 5.0 3
0.1136098987643487 14.0 167
0.87843113676447 4.0 9
0.32593507719988035 23.0 8
0.277841404604862 13.0 44
0.5004171499785829 11.0 16
0.4957942134478204 12.0 18
0.5597477791026177 14.0 5
0.07551923186999698 28.0 18
1.1956487956487958 4.0 5
5.0 11.0 1
2.2941176470588234 7.0 1
0.7666246860182786 7.0 8
1.773391812865497 4.0 3
1.210285766207805 8.0 5
0.45584421537087466 16.0 14
0.0476006728465801 27.0 15
0.04876975728875001 32.0 14
0.5441353101807618 16.0 8
0.23199458848244112 23.0 21
0.3106435260027517 24.0 7
0.3838182531137503 18.0 10
0.252179667695829 19.0 18
2.8 13.0 1
1.0955555555555556 14.0 4
2.8786764705882355 12.0 3
0.6557568672462288 17.0 5
2.7777777777777777 7.0 1
0.9722222222222222 15.0 1
1.2666666666666666 10.0 1
1.588235294117647 30.0 1
1.220899470899471 7.0 3
1.2413793103448276 11.0 1
1.428627450980392 12.0 4
2.813636363636364 14.0 3
2.212121212121212 27.0 1
0.7570878589495611 17.0 4
2.212121212121212 18.0 1
3.0 13.0 1
2.4285714285714284 9.0 1
2.9473684210526314 16.0 1
3.125 20.0 1
0.9095595879790409 6.0 7
2.757575757575758 29.0 1
0.9341463414634146 9.0 3
2.5 10.0 1
1.9642857142857144 9.0 2
2.484848484848485 18.0 1
1.52 14.0 1
0.6818181818181818 29.0 1
0.11084570652442338 13.0 175
0.39561216902578167 15.0 14
2.0526315789473686 5.0 1
0.46760990556819776 6.0 27
3.111111111111111 6.0 1
0.06699003348116067 29.0 9
1.2777777777777777 9.0 1
1.6 4.0 1
0.06808292566369456 72.0 2
0.2583000528727872 21.0 24
0.35333380457333585 17.0 12
0.25641923695404195 20.0 23
0.11909288421201786 22.0 45
0.5745014245014245 22.0 3
0.730064449048778 9.0 9
0.05284548936129527 26.0 17
1.6153846153846154 11.0 1
0.06441846058369663 35.0 10
0.2764227642276423 80.0 1
0.3002363152027286 22.0 12
0.11985125084516565 74.0 2
0.1043340074998474 25.0 24
0.06295007164088 37.0 14
0.0 76.0 1
0.0 101.0 1
3.235294117647059 11.0 1
1.0797258297258296 4.0 4
4.214285714285714 10.0 1
0.07846690465025802 49.0 9
0.06162430297509486 41.0 8
0.2107404430616175 35.0 4
0.35555555555555557 33.0 1
0.8000756961404255 5.0 9
0.13410510263830328 42.0 10
5.0 9.428571428571429 1
3.8285714285714287 8.0 1
1.6885245901639345 14.0 1
0.05051846325997762 89.0 2
1.628787878787879 6.0 2
0.0574662267965671 52.0 4
0.21239921682086893 32.0 6
0.12340084949917587 106.0 2
0.07798021195562178 46.0 3
0.7511360598770382 16.0 2
0.6954022988505747 20.0 2
0.38235294117647056 28.0 2
0.4699248120300752 42.0 1
0.66992446992447 19.0 3
0.15012795975592963 34.0 4
0.19783142333663725 53.0 3
0.66 18.0 1
0.2685290187828822 41.0 3
0.2557458608132349 31.0 4
1.6123737373737377 9.0 3
0.6666666666666666 28.0 1
1.0789473684210527 22.0 1
0.47270471464019853 20.0 2
0.2655615588109542 26.0 5
0.23169623212927143 28.0 5
0.7336060619642709 19.0 3
0.5918367346938775 27.0 1
0.4876325088339223 110.0 1
0.09160960368584092 80.0 5
0.09914407988587731 203.0 1
0.012219959266802444 223.0 1
0.05335161018550325 44.0 7
0.13213703099510604 93.0 1
0.08270030746970519 69.0 2
0.07904085257548846 125.0 1
0.07082945013979497 144.0 1
0.08310249307479224 100.0 1
0.09514449882755559 38.0 9
0.08819714656290532 127.0 1
0.09850188883175069 118.0 2
0.10788162554775196 82.0 2
0.11413043478260869 112.0 1
0.09786700125470514 119.0 1
0.06074766355140187 124.0 1
0.12872841444270017 102.0 1
0.10379782104890715 62.0 6
0.1128583942459258 70.0 3
0.09612609209987939 54.0 3
0.07627543304835693 47.0 5
0.07504877418141645 111.0 2
0.09600400601541452 81.0 3
0.09000097531997145 97.0 2
0.1 56.0 1
0.10964337949632068 67.0 3
0.0985525460811023 48.0 3
0.5517241379310345 25.0 1
0.34564928535516765 30.0 3
0.3508771929824561 43.0 1
0.8985507246376812 14.0 1
0.2625570776255708 108.0 1
0.10185785310483109 132.0 2
0.05176470588235294 99.0 1
0.5489059391872692 26.0 3
0.12229607101547249 29.0 8
0.09921080910284615 55.0 3
0.0700330814417069 39.0 3
0.0936533099048856 79.0 2
0.125 64.0 1
0.08156432549936757 51.0 4
0.11188811188811189 77.0 1
0.0881547212741752 94.0 2
0.08647717931544337 63.0 3
0.07943262411347518 96.0 1
0.08992805755395683 73.0 1
0.061337827331922064 45.0 4
0.09193347527417346 65.0 2
0.504424778761062 124.0 1
0.10265301662650164 90.0 2
0.10533155826042856 66.0 2
0.08716707021791767 60.0 1
0.0684931506849315 57.0 1
0.09575518262586377 143.0 1
2.1666666666666665 6.0 1
0.10031347962382445 141.0 1
0.1069078947368421 83.0 1
0.01824817518248175 42.0 1
0.2489434078960932 36.0 2
0.11538461538461539 75.0 1
0.1519106354282351 20.0 32
2.217391304347826 12.0 1
0.02807392539686677 50.0 2
0.20319794584500464 30.0 3
0.2704374057315234 37.0 2
0.19298245614035087 50.0 1
0.13441603268251864 33.0 4
0.017183352294273795 59.0 2
0.9210526315789473 36.0 1
3.75 4.0 1
1.4193548387096775 6.0 1
0.4782608695652174 62.0 1
0.03416856492027335 95.0 1
1.0526315789473684 6.0 1
0.42148250326702486 49.0 2
0.16540720096992997 19.0 15
0.08605341246290801 68.0 1
2.6 4.0 1
0.039473684210526314 53.0 1
0.060215053763440864 137.0 1
0.03112033195020747 58.0 2
0.5 49.0 1
0.4582646036645248 48.0 7
0.4431137724550898 58.0 1
0.44936708860759494 56.0 1
0.5116279069767442 47.0 1
0.4888888888888889 22.0 1
0.8409090909090909 20.0 1
0.6333333333333333 10.0 1
