loc nobl count
6 3 1
21 1 1
23 2 1
32 9 1
207 10 1
33 5 1
43 2 1
42 2 1
21 8 1
80 2 1
43 12 1
58 8 1
46 3 1
17 8 1
123 5 1
88 4 1
51 17 1
27 3 1
40 6 1
96 16 1
45 3 1
102 7 1
74 12 1
51 0 1
35 1 1
32 6 1
102 0 1
37 5 1
5 5 1
53 2 1
44 1 1
43 6 1
39 6 1
37 1 1
48 8 1
19 5 1
41 2 1
4 3 1
105 5 1
111 13 1
86 5 1
103 4 1
52 8 1
92 4 1
49 3 1
10 6 1
66 6 1
54 0 1
52 3 1
50 1 1
14 2 1
29 12 1
28 13 1
95 5 1
29 3 1
39 13 1
117 2 1
78 17 1
13 2 1
67 10 1
57 14 1
100 11 1
50 10 1
33 12 1
123 0 1
31 7 1
19 11 1
54 15 1
50 34 1
75 13 1
26 17 1
168 0 1
63 1 1
75 8 1
49 8 1
25 14 1
98 1 1
109 10 1
92 15 1
56 5 1
58 1 1
74 5 1
57 7 1
31 11 1
24 2 1
58 4 1
138 4 1
149 0 1
43 21 1
72 11 1
45 2 1
44 2 1
65 8 1
32 15 1
20 8 1
63 5 1
34 10 1
13 12 1
74 0 1
14 3 1
66 8 1
75 14 1
57 12 1
61 2 1
35 9 1
92 30 1
116 12 1
73 2 1
51 30 1
85 8 1
189 16 1
209 0 1
52 11 1
33 10 1
2 8 1
61 17 1
78 9 1
25 13 1
49 2 1
83 11 1
11 4 1
87 0 1
51 8 1
79 0 1
76 7 1
95 4 1
205 13 1
7 4 1
102 15 1
76 4 1
47 10 1
127 24 1
59 10 1
66 0 1
110 6 1
47 18 1
81 14 1
16 13 1
98 17 1
44 29 1
31 5 1
13 9 1
70 7 1
78 19 1
76 13 1
68 2 1
22 14 1
134 10 1
45 9 1
14 9 1
56 24 1
63 8 1
108 15 1
71 8 1
6 7 1
86 1 1
5 9 1
70 13 1
120 12 1
70 4 1
118 4 1
37 0 1
41 5 1
105 0 1
46 24 1
32 18 1
9 11 1
327 1 1
132 24 1
134 18 1
70 15 1
78 4 1
75 7 1
30 14 1
122 8 1
60 12 1
71 7 1
115 1 1
125 17 1
99 1 1
67 3 1
58 10 1
100 13 1
28 12 1
20 13 1
189 30 1
72 8 1
105 3 1
81 2 1
21 0 1
74 10 1
64 0 1
22 13 1
2 4 1
40 14 1
75 6 1
23 17 1
80 19 1
81 3 1
57 16 1
21 13 1
63 3 1
46 13 1
55 16 1
34 4 1
112 14 1
65 9 1
191 6 1
91 0 1
46 19 1
109 18 1
26 9 1
18 13 1
227 0 1
10 8 1
11 17 1
120 25 1
16 11 1
80 7 1
153 36 1
108 3 1
83 3 1
49 19 1
34 1 1
78 1 1
36 22 1
48 9 1
109 9 1
60 7 1
167 2 1
75 12 1
153 0 1
198 26 1
92 14 1
220 10 1
93 8 1
40 18 1
67 1 1
2 9 1
87 16 1
87 11 1
99 8 1
78 16 1
17 4 1
97 8 1
24 9 1
111 14 1
45 11 1
38 14 1
228 21 1
85 12 1
117 10 1
113 18 1
59 13 1
4 4 1
83 4 1
199 0 1
184 13 1
106 16 1
55 9 1
55 5 1
58 14 1
70 8 1
139 10 1
130 14 1
114 15 1
71 17 1
43 8 1
220 0 1
70 16 1
114 23 1
100 9 1
20 14 1
39 3 1
44 23 1
58 3 1
66 1 1
75 16 1
157 15 1
74 9 1
308 0 1
55 14 1
149 7 1
30 2 1
37 13 1
68 12 1
50 6 1
74 2 1
82 0 1
56 13 1
74 4 1
57 11 1
41 14 1
92 21 1
107 13 1
115 17 1
95 14 1
124 32 1
64 1 1
40 5 1
257 22 1
26 22 1
157 16 1
150 14 1
14 6 1
33 29 1
94 13 1
85 10 1
80 23 1
289 52 1
105 10 1
68 5 1
15 14 1
219 15 1
96 21 1
91 15 1
46 16 1
63 16 1
65 15 1
167 53 1
58 7 1
103 14 1
145 9 1
129 7 1
141 15 1
81 15 1
106 7 1
146 16 1
110 12 1
151 12 1
48 4 1
102 28 1
79 11 1
41 12 1
47 7 1
94 31 1
46 10 1
28 7 1
1459 7 1
105 8 1
38 5 1
114 26 1
49 0 1
78 6 1
89 7 1
657 1 1
275 40 1
51 23 1
126 13 1
44 7 1
77 6 1
86 4 1
110 14 1
2 2 1
23 7 1
84 7 1
49 13 1
116 19 1
124 22 1
744 54 1
36 15 1
61 19 1
151 1 1
11 7 1
7 6 1
73 4 1
68 8 1
108 14 1
91 17 1
150 11 1
68 16 1
47 4 1
60 25 1
91 6 1
185 18 1
81 5 1
76 24 1
97 2 1
92 6 1
12 15 1
93 33 1
117 26 1
57 22 1
60 9 1
8 7 1
298 48 1
228 43 1
62 26 1
56 15 1
26 13 1
38 16 1
86 9 1
124 9 1
71 6 1
23 11 1
400 46 1
72 1 1
67 9 1
417 49 1
84 35 1
142 16 1
234 21 1
145 8 1
167 21 1
43 10 1
54 26 1
89 1 1
46 1 1
156 0 1
44 16 1
374 70 1
49 7 1
505 0 1
77 2 1
133 12 1
82 8 1
61 13 1
440 106 1
114 0 1
60 6 1
23 16 1
70 12 1
137 2 1
193 43 1
148 26 1
106 19 1
22 8 1
133 3 1
161 11 1
94 11 1
40 3 1
64 22 1
30 20 1
23 19 1
20 7 1
128 0 1
37 2 1
157 32 1
110 23 1
76 5 1
52 33 1
175 3 1
115 11 1
41 10 1
176 0 1
35 2 1
76 16 1
116 1 1
71 23 1
68 13 1
45 13 1
132 1 1
160 9 1
157 1 1
52 13 1
115 16 1
73 13 1
95 0 1
23 13 1
122 9 1
583 80 1
58 12 1
103 21 1
85 11 1
125 20 1
66 7 1
166 13 1
92 5 1
144 6 1
69 35 1
123 12 1
131 19 1
146 38 1
370 62 1
114 19 1
55 0 1
78 2 1
44 6 1
67 6 1
276 29 1
96 23 1
20 12 1
36 20 1
197 34 1
230 19 1
80 22 1
60 21 1
106 17 1
135 10 1
71 20 1
94 5 1
13 8 1
21 11 1
134 8 1
87 21 1
139 6 1
239 39 1
37 12 1
51 22 1
95 9 1
281 44 1
771 127 1
232 4 1
156 7 1
85 26 1
115 0 1
93 5 1
93 19 1
1682 37 1
72 9 1
37 19 1
202 0 1
46 27 1
205 6 1
215 36 1
60 11 1
80 1 1
60 17 1
51 2 1
93 14 1
62 2 1
100 12 1
447 70 1
80 3 1
91 2 1
97 22 1
3 4 1
103 25 1
170 5 1
152 24 1
36 16 1
704 64 1
131 0 1
147 19 1
129 22 1
94 16 1
26 0 1
93 17 1
276 54 1
178 36 1
153 4 1
77 10 1
132 19 1
55 7 1
87 25 1
85 2 1
203 3 1
510 0 1
76 19 1
87 6 1
535 71 1
57 20 1
177 0 1
31 13 1
111 0 1
175 37 1
76 11 1
151 35 1
133 0 1
105 21 1
234 33 1
73 8 1
257 55 1
646 80 1
101 9 1
376 71 1
37 18 1
58 18 1
43 11 1
337 63 1
68 29 1
101 11 1
90 2 1
72 6 1
618 34 1
97 25 1
54 6 1
124 3 1
120 17 1
84 4 1
133 23 1
112 11 1
310 39 1
116 5 1
130 30 1
40 15 1
157 7 1
55 6 1
252 34 1
104 5 1
238 53 1
61 7 1
89 21 1
74 21 1
94 0 1
142 11 1
64 2 1
136 20 1
86 8 1
599 81 1
125 1 1
128 3 1
38 6 1
130 13 1
82 31 1
44 17 1
117 6 1
125 10 1
110 17 1
101 13 1
58 15 1
20 11 1
52 14 1
29 20 1
103 9 1
73 12 1
438 108 1
38 12 1
63 13 1
132 8 1
120 0 1
77 3 1
38 17 1
432 67 1
112 21 1
286 75 1
1051 132 1
17 10 1
140 18 1
141 21 1
99 7 1
272 49 1
66 5 1
92 3 1
87 24 1
132 21 1
481 45 1
134 12 1
60 15 1
167 7 1
264 48 1
21 9 1
3 5 1
76 0 1
88 15 1
217 34 1
226 124 1
63 12 1
188 12 1
125 7 1
100 16 1
90 11 1
97 9 1
97 17 1
77 18 1
225 40 1
91 12 1
104 25 1
127 8 1
41 18 1
127 16 1
25 12 1
717 106 1
93 15 1
160 28 1
100 18 1
125 23 1
144 20 1
146 25 1
91 13 1
66 27 1
41 15 1
236 36 1
191 1 1
113 11 1
147 1 1
98 4 1
135 16 1
131 14 1
181 45 1
177 2 1
47 1 1
246 34 1
102 14 1
95 1 1
158 38 1
85 19 1
39 2 1
165 22 1
52 12 1
91 26 1
413 60 1
21 12 1
128 16 1
351 14 1
71 21 1
105 12 1
99 3 1
119 21 1
100 32 1
75 28 1
415 80 1
103 12 1
51 15 1
367 40 1
125 31 1
215 28 1
284 19 1
124 12 1
82 22 1
533 80 1
249 39 1
170 14 1
117 20 1
78 3 1
684 53 1
230 5 1
138 26 1
65 25 1
107 4 1
40 7 1
73 19 1
109 22 1
66 15 1
56 11 1
140 49 1
154 25 1
309 47 1
110 0 1
110 10 1
52 9 1
97 11 1
94 9 1
66 3 1
89 10 1
162 16 1
172 0 1
48 25 1
125 22 1
223 15 1
141 41 1
206 18 1
107 6 1
109 12 1
110 8 1
74 15 1
208 18 1
50 9 1
140 26 1
365 63 1
6 4 1
13 11 1
365 65 1
155 44 1
470 79 1
133 2 1
60 8 1
109 23 1
98 9 1
13 7 1
941 132 1
154 22 1
40 13 1
198 10 1
158 11 1
243 32 1
69 4 1
641 90 1
100 0 1
239 0 1
158 24 1
174 14 1
82 6 1
90 4 1
133 25 1
102 8 1
84 1 1
88 5 1
40 11 1
151 22 1
53 19 1
124 18 1
122 10 1
88 9 1
608 83 1
92 24 1
38 2 1
162 6 1
181 0 1
138 21 1
145 22 1
146 22 1
99 16 1
7 0 2
28 9 2
120 2 2
4 0 2
57 6 2
25 6 2
15 4 2
25 9 2
9 3 2
29 9 2
9 4 2
22 7 2
90 16 2
13 5 2
29 7 2
318 43 2
45 10 2
15 6 2
32 4 2
51 9 2
32 8 2
12 2 2
33 3 2
61 16 2
52 1 2
74 13 2
8 4 2
54 1 2
47 8 2
54 10 2
40 4 2
87 5 2
44 0 2
49 4 2
31 8 2
49 12 2
44 4 2
38 18 2
36 8 2
29 2 2
75 11 2
46 4 2
32 3 2
18 7 2
21 10 2
21 4 2
25 5 2
49 6 2
5 3 2
61 15 2
56 9 2
70 6 2
41 4 2
19 8 2
39 1 2
3 3 2
30 0 2
81 0 2
47 2 2
43 0 2
44 9 2
21 7 2
27 9 2
10 11 2
117 19 2
55 10 2
67 11 2
46 11 2
37 7 2
61 8 2
99 5 2
5 4 2
42 7 2
57 17 2
73 10 2
51 1 2
46 15 2
48 3 2
8 3 2
24 7 2
37 11 2
33 6 2
31 3 2
125 26 2
8 5 2
7 5 2
49 9 2
93 10 2
35 11 2
139 3 2
19 7 2
90 0 2
38 4 2
61 5 2
27 7 2
42 8 2
46 0 2
69 7 2
30 11 2
66 16 2
52 7 2
50 2 2
53 8 2
10 9 2
72 18 2
72 7 2
42 3 2
65 6 2
59 19 2
152 10 2
70 1 2
33 13 2
50 0 2
35 7 2
127 10 2
46 8 2
62 3 2
31 10 2
47 11 2
86 17 2
58 11 2
67 2 2
51 7 2
71 9 2
73 7 2
168 1 2
121 0 2
33 11 2
74 7 2
25 10 2
114 12 2
37 10 2
35 4 2
93 23 2
47 13 2
48 13 2
29 11 2
19 1 2
71 16 2
80 0 2
66 11 2
62 13 2
319 71 2
28 10 2
119 19 2
140 17 2
34 8 2
93 11 2
42 5 2
95 8 2
52 0 2
41 3 2
54 5 2
74 11 2
89 13 2
55 1 2
8 10 2
70 14 2
102 10 2
32 5 2
104 4 2
58 2 2
13 6 2
84 0 2
63 10 2
71 11 2
243 8 2
53 6 2
62 0 2
127 29 2
60 10 2
59 3 2
150 6 2
2 3 2
79 24 2
171 15 2
30 4 2
95 15 2
131 23 2
20 15 2
17 11 2
50 19 2
24 6 2
111 9 2
20 10 2
75 22 2
121 19 2
77 17 2
98 15 2
243 21 2
38 10 2
141 5 2
197 10 2
110 15 2
59 22 2
59 15 2
51 3 2
105 11 2
77 0 2
91 8 2
47 0 2
109 17 2
26 15 2
51 12 2
69 12 2
38 13 2
89 17 2
55 3 2
36 9 2
39 10 2
141 1 2
64 16 2
74 16 2
98 23 2
81 32 2
93 1 2
34 7 2
19 14 2
40 1 2
418 4 2
29 10 2
78 12 2
65 0 2
335 76 2
1001 0 2
16 6 2
54 9 2
25 8 2
72 4 2
45 19 2
78 20 2
107 5 2
48 5 2
74 8 2
178 0 2
37 16 2
5 16 2
214 5 2
112 6 2
205 4 2
111 3 2
98 6 2
66 10 2
56 25 2
52 21 2
221 24 2
32 2 2
69 6 2
135 22 2
97 18 2
112 1 2
71 2 2
57 5 2
65 3 2
46 12 2
138 17 2
96 8 2
92 22 2
108 12 2
143 0 2
95 6 2
185 1 2
129 10 2
46 7 2
52 17 2
115 25 2
94 3 2
33 0 2
39 17 2
85 3 2
48 6 2
31 14 2
95 30 2
113 19 2
70 24 2
61 0 2
79 12 2
67 7 2
9 6 2
84 9 2
145 2 2
56 12 2
198 0 2
167 12 2
121 7 2
113 8 2
53 4 2
64 11 2
89 8 2
186 7 2
61 24 2
42 17 2
81 11 2
331 31 2
61 12 2
145 18 2
66 23 2
162 0 2
50 23 2
98 2 2
62 9 2
140 15 2
44 8 2
24 16 2
66 20 2
69 5 2
130 22 2
807 118 2
102 19 2
43 16 2
58 9 2
80 6 2
96 10 2
64 21 2
61 25 2
144 0 2
49 14 2
218 22 2
364 11 2
74 18 2
234 18 2
87 8 2
75 4 2
221 0 2
85 21 2
44 11 2
19 13 2
722 100 2
40 12 2
83 2 2
24 12 2
69 1 2
15 8 2
111 7 2
76 17 2
49 11 2
84 3 2
67 19 2
126 23 2
147 22 2
52 18 2
110 2 2
83 14 2
106 11 2
174 31 2
566 63 2
148 22 2
111 11 2
86 19 2
58 19 2
198 13 2
72 10 2
202 41 2
118 2 2
308 30 2
79 10 2
186 22 2
117 17 2
79 6 2
557 79 2
325 44 2
401 31 2
97 27 2
16 9 2
86 28 2
44 3 2
35 5 2
27 10 2
62 1 2
158 4 2
115 9 2
213 10 2
189 19 2
82 12 2
98 0 2
112 12 2
47 9 2
185 6 2
81 6 2
164 17 2
155 14 2
65 11 2
88 0 2
51 6 2
42 14 2
69 3 2
36 0 3
2 0 3
10 2 3
51 14 3
20 3 3
19 6 3
23 4 3
39 8 3
25 4 3
35 6 3
43 7 3
17 1 3
17 7 3
15 0 3
26 3 3
15 3 3
15 1 3
122 19 3
28 5 3
38 1 3
27 1 3
28 6 3
26 5 3
45 7 3
27 2 3
11 5 3
22 5 3
27 5 3
27 11 3
26 6 3
32 0 3
109 24 3
30 8 3
6 2 3
11 6 3
36 10 3
19 4 3
41 7 3
62 8 3
29 0 3
37 3 3
62 6 3
18 5 3
66 9 3
43 9 3
15 5 3
24 3 3
70 10 3
14 4 3
41 0 3
42 10 3
124 13 3
34 3 3
44 12 3
33 4 3
33 9 3
68 14 3
12 3 3
43 5 3
14 10 3
18 4 3
51 10 3
22 0 3
28 2 3
39 5 3
30 1 3
24 4 3
27 6 3
44 10 3
38 9 3
41 8 3
28 11 3
70 0 3
49 1 3
50 11 3
125 6 3
30 9 3
30 3 3
60 0 3
14 8 3
23 8 3
36 2 3
39 4 3
131 7 3
36 14 3
48 7 3
47 12 3
41 1 3
42 0 3
258 47 3
36 6 3
55 8 3
23 9 3
43 1 3
58 0 3
96 12 3
59 9 3
59 7 3
37 4 3
56 7 3
30 10 3
14 7 3
91 22 3
60 5 3
45 5 3
6 1 3
67 12 3
23 6 3
15 7 3
65 4 3
39 12 3
27 8 3
12 6 3
20 0 3
33 7 3
40 10 3
49 15 3
55 4 3
73 0 3
59 8 3
40 9 3
41 9 3
54 12 3
60 14 3
55 2 3
146 21 3
30 12 3
34 13 3
139 7 3
45 12 3
36 1 3
14 5 3
53 3 3
63 4 3
56 4 3
142 12 3
41 13 3
54 8 3
55 11 3
69 9 3
161 2 3
97 0 3
18 8 3
45 8 3
131 16 3
36 5 3
16 4 3
92 40 3
23 14 3
47 6 3
94 8 3
72 0 3
77 7 3
57 9 3
105 6 3
4 5 3
73 16 3
104 3 3
37 14 3
51 11 3
84 12 3
24 0 3
12 5 3
93 2 3
52 5 3
73 5 3
67 13 3
74 1 3
44 14 3
246 80 3
69 13 3
36 18 3
21 2 3
84 23 3
34 11 3
60 3 3
101 32 3
27 14 3
85 15 3
116 20 3
62 16 3
12 8 3
158 21 3
139 34 3
89 9 3
114 4 3
122 28 3
117 8 3
108 24 3
70 5 3
188 0 3
3 11 3
93 0 3
148 7 3
46 9 3
37 8 3
13 0 4
16 0 4
14 1 4
16 2 4
15 2 4
23 3 4
3 1 4
19 2 4
115 19 4
19 0 4
41 6 4
137 16 4
18 3 4
17 3 4
17 2 4
18 0 4
9 2 4
33 2 4
20 5 4
39 9 4
38 3 4
12 4 4
24 8 4
21 5 4
23 1 4
38 7 4
81 12 4
31 9 4
26 4 4
21 3 4
18 9 4
22 1 4
58 6 4
31 4 4
34 6 4
59 11 4
42 6 4
18 6 4
89 0 4
28 0 4
3 2 4
23 0 4
57 8 4
20 2 4
64 15 4
20 9 4
53 1 4
10 4 4
57 4 4
73 1 4
5 2 4
68 4 4
72 5 4
22 3 4
32 10 4
26 1 4
15 10 4
16 7 4
9 5 4
37 6 4
68 9 4
36 7 4
47 3 4
15 9 4
38 8 4
95 2 4
36 3 4
42 11 4
49 10 4
10 5 4
108 18 4
20 6 4
48 12 4
17 6 4
76 15 4
79 4 4
57 0 4
265 17 4
85 0 4
6 5 4
68 0 4
35 12 4
71 18 4
185 15 4
24 10 4
128 18 4
95 11 4
103 0 4
15 11 4
65 5 4
22 9 4
32 11 4
238 28 4
37 9 4
64 4 4
69 2 4
12 10 4
77 14 4
33 18 4
35 20 4
98 12 4
133 33 4
9 0 5
25 0 5
11 0 5
76 10 5
10 0 5
31 1 5
17 0 5
38 0 5
28 1 5
4 1 5
99 19 5
2 1 5
10 3 5
8 2 5
7 1 5
24 1 5
10 1 5
52 6 5
56 10 5
24 5 5
55 25 5
7 2 5
18 2 5
11 2 5
13 1 5
25 3 5
28 3 5
17 5 5
21 6 5
27 4 5
27 0 5
69 16 5
25 2 5
61 11 5
76 14 5
25 1 5
23 5 5
51 13 5
31 2 5
39 7 5
29 4 5
129 12 5
22 2 5
34 2 5
45 1 5
35 8 5
42 15 5
46 2 5
46 5 5
26 11 5
22 10 5
88 8 5
19 9 5
71 0 5
42 12 5
3 0 6
32 1 6
16 1 6
29 1 6
20 1 6
80 10 6
22 4 6
18 1 6
40 0 6
42 9 6
22 6 6
25 7 6
61 6 6
26 2 6
29 5 6
70 18 6
53 9 6
16 3 6
50 8 6
56 8 6
52 16 6
5 0 7
6 0 7
11 3 7
30 5 7
16 5 7
20 4 7
30 6 7
8 1 7
34 0 7
56 0 7
10 7 7
34 5 7
11 1 7
46 6 7
31 0 7
28 8 7
43 4 7
9 1 8
35 0 8
7 3 8
13 4 8
12 1 8
8 0 9
36 4 9
1 0 10
14 0 12
