count robl hse
424 0.3333333333333333 5318
389 0.5 1657
388 0.4 3063
363 0.4 2274
362 0.3333333333333333 2510
335 0.25 3856
334 0.25 3139
330 0.5 2369
324 0.39999999999999997 1656
318 0.3333025033912936 3695
311 0.4 961
294 0.2222222222222222 3448
285 0.25 4720
278 0.5 902
278 0.28569373072970194 3100
277 0.2222222222222222 4546
277 0.6666666666666666 747
264 0.2857142857142857 2363
257 0.13337447460073606 7136
252 0.28573790627362056 3809
251 0.3333333333333333 3068
250 0.3333333333333333 4488
246 0.25 2396
238 0.25 5756
235 0.6666666666666666 1660
229 0.14292488733350756 9396
226 0.3333333333333333 1820
218 0.15390767359864416 4542
216 0.16671988080034056 5285
214 0.2 4889
207 0.16666666666666666 3983
206 0.2857142857142857 1689
204 0.3333333333333333 6672
203 0.2857142857142857 1012
203 0.5 3227
203 0.2 3111
199 0.20002955956251847 4054
197 1.0 795
193 0.16666666666666666 6609
192 0.18165106951871657 4052
187 0.2221717289143469 5724
184 0.2 5754
183 0.2857468123861566 4649
182 0.25 6775
182 0.39995222169135214 4197
178 0.2221330479757446 2459
178 0.20003874467260754 6690
177 0.1814556331006979 4986
176 0.3333333333333333 1075
173 0.15359340993658002 7430
170 0.2 7590
169 0.18109177857358066 5944
165 0.25004329004329007 7805
161 0.2857142857142857 5721
157 0.13371353794247443 10355
157 0.25 1459
156 0.0801162424492384 16473
155 0.13347349785517798 8765
150 0.3333333333333333 7901
150 0.27374773374773376 6369
147 0.18179609506140118 8391
146 0.2998791297340854 3276
146 0.16666666666666666 7833
144 0.154441914080072 8532
143 0.29979432332373507 4314
142 0.13410570274776745 12314
140 0.181660391429299 3140
139 0.15402819444848978 5482
139 0.18186662790979338 7070
139 0.14285714285714285 7302
138 0.2857846609276815 7080
137 0.20005033979360684 8624
136 0.2997195134738387 5119
136 0.22240790255496137 7009
135 0.4 5384
134 0.2982813977851577 6319
133 0.375 1840
133 0.36347211158449777 6854
133 0.27264608752812014 4009
132 0.7501114081996435 1385
128 0.23218260599694424 7759
128 0.3750751201923077 3819
127 0.14285714285714285 6163
125 0.375 7437
125 0.1535676113360324 9696
121 0.5 4066
120 0.31224716292479454 6529
119 0.37524240465416936 2944
119 0.2324922235451153 6525
117 0.15333722940560546 6466
117 0.2721751932278248 2662
117 0.22189349112426035 1463
117 0.10809486384199027 9726
116 0.1430883490931053 8362
116 0.1817574012363566 2196
116 0.4285714285714285 4085
115 0.13533708449246104 13751
113 0.19994290608050244 9614
112 0.16666666666666666 11049
111 0.25 8900
110 0.42788790157211204 2267
109 0.16661734240899673 2491
108 0.25 9779
107 0.2 1887
107 0.21323065893095192 7781
106 0.2739184295788069 7728
105 0.10341037322369964 11465
105 0.14265677709607005 10970
105 1.0 2514
105 0.16644557921977274 8993
104 0.3333333333333333 9438
103 0.18891234431087237 7207
103 0.1431268300200339 12243
103 0.21400258243752054 4851
103 0.16656227163587015 10047
103 0.18899853553784027 10431
102 0.0660735423355522 33136
102 0.29942329873125717 7358
102 0.15392950702548225 3595
102 0.6 1698
101 0.37504267668146124 4967
101 0.21356063388688293 6344
101 0.5 5167
100 0.1883788665038665 8705
99 0.23286056908347932 10073
99 0.1177813732528745 13757
98 0.18068701620543412 14167
98 0.14285714285714285 4991
97 0.15326916243560304 13196
97 0.125 6131
97 0.1136981676096291 15693
96 0.12555469257330026 28168
96 0.15559136553970224 11899
96 0.133463713219148 4969
96 0.20006127450980393 10698
95 0.2328389299039454 8843
94 0.17587389033893566 8828
93 0.15223784578623287 10877
93 0.375 6183
93 0.09873367854738559 10313
92 0.11196171861133497 17652
91 0.23172894763069293 5484
91 0.2981395605436526 8627
91 0.12596712544117872 11474
91 0.17948348496616703 12929
90 0.2730812397479064 5155
90 0.11756245062127416 6643
89 0.222397398508781 8111
89 0.10844745751656577 8321
89 0.12567620997542048 9873
89 0.2131510383188063 9221
89 0.18160200182672095 9777
88 0.22251916397173313 10515
88 0.05668310708548449 28468
88 0.125 8639
88 0.14285714285714285 4053
87 0.14281153074256522 2718
87 0.6 3057
87 0.2857170224411604 8283
87 0.09805263922146666 8951
87 0.22291884360849878 9147
87 0.3333333333333333 13592
86 0.10923777860742365 7259
86 0.13346612077653533 6056
86 0.09690544592316909 7259
86 0.3104447572011832 7824
85 0.16647691334598355 12108
84 0.2 11867
84 0.2375671877946581 12323
83 0.3333333333333333 10872
83 0.21162875403817197 14225
83 0.1821912469502831 11468
81 0.23467363831051957 13595
81 0.13324822406948011 3559
81 0.23154683612199953 4377
81 0.16500493324866086 13163
80 0.2858462941628264 9921
79 0.2124115697024862 10231
79 0.1773264625030291 15538
79 0.15387914467278224 2457
79 0.12276099718284124 16215
79 0.4 7062
79 0.12124593245109745 18502
79 0.10367387174917786 12975
78 0.4285714285714285 3145
78 0.17609068768783032 7070
78 0.21149960516587932 12815
78 0.25 12841
78 0.11756352245040028 8041
78 0.1439268571023712 13696
78 0.2636267413348957 14240
78 0.09216052463953833 11193
78 0.14258903010572727 15379
78 0.5 6415
78 0.6666666666666666 3311
78 0.17583774370087096 10353
77 0.1272599334739896 17443
77 0.12505236698785085 7319
77 0.3000799711797154 2199
77 0.25 14328
76 0.21304828909968515 11537
75 0.11550098877157701 5368
75 0.11790165912518855 9243
74 0.21701936567222263 25537
73 0.3633695072051236 1405
72 0.12553035834351045 14484
72 0.11780969575087223 11984
72 0.08722886730998942 18283
71 0.14354083649433247 23471
71 0.0926684370332593 16798
71 0.13993407193989998 17121
71 0.09626953960848754 21807
71 0.13386718459344574 18498
71 0.3111514459442043 9308
71 0.3085084392997662 4680
71 0.16673392931520115 17162
71 0.09807717271370156 14930
70 0.10752904116269425 21861
70 0.13362806775230446 16309
70 0.25 11584
70 0.12525105703086067 12938
70 0.1661663968115581 19175
70 0.15071814895344307 14883
70 0.10618457340261851 6166
69 0.13353647164782675 19850
69 0.23614022479187421 16753
69 0.11118880466706553 11005
69 0.08787833057264836 13910
69 0.09095504629405549 12427
68 0.3007373139650859 13351
68 0.22226330627452645 12075
68 0.1885539920407093 12347
67 0.2 13328
67 0.11788430474997638 10476
67 0.36569898287101743 5586
67 0.1571960814612159 16043
67 0.25 16007
66 0.0878054803188493 9790
66 0.1875341775660755 18099
66 0.42857142857142855 5021
66 0.23351321226996016 25177
65 0.11341565423013386 19875
65 0.18949051476967108 15055
65 0.1890870039247341 13522
64 0.44401041666666663 4334
64 0.15664254882205725 18008
64 0.09712852776423844 13673
64 0.75 2801
64 0.09924856667180455 26097
64 0.15634794292861462 20911
64 0.16743328886000666 21295
64 0.10675185087475242 14616
63 0.13108199170923326 21741
63 0.31105628289838816 10676
63 0.25011337868480726 10616
63 0.21205529678266993 15845
63 0.275834260992307 13010
63 0.1176290749399993 22001
62 0.0914753817881877 23622
62 0.1335476320215932 15061
62 0.19999310725117178 14536
62 0.10384631917475427 16317
62 0.27267087750958713 9399
62 0.23681484022657737 15077
62 0.189231472119363 16607
62 0.16855282036401154 14150
62 0.3831285202252944 5084
61 0.4001490312965723 9556
61 0.3750553832521046 9357
61 0.10037058197683534 18172
61 0.2854742388758782 11924
61 0.07548581885175015 19732
60 0.3333333333333333 12152
60 0.16649008455460068 15637
60 0.36300660742766006 12758
60 0.35679271708683474 4509
60 0.18783916700583367 6033
60 0.125 4457
59 0.15081143838621405 17033
59 0.20019940179461615 15631
59 0.1587039221892895 10637
59 0.11506603067919119 23981
59 0.29858909583648413 10349
58 0.26451598762022493 10577
58 0.27510623476140716 11192
58 0.1557648282405688 19487
58 0.19918607524651544 20527
58 0.23002974037456797 11773
58 0.08505559646621469 22248
57 0.2647003680066137 12227
57 0.07881996564360368 15114
57 0.33351608187134496 15683
57 0.4447805337097533 3058
57 0.1781841684400854 16746
56 0.1453385141935562 18632
56 0.2231040485066482 13368
56 0.42857142857142855 7757
56 0.20299891194087574 26909
56 0.11107601911173338 12437
56 0.2220752167664422 14670
56 0.08635165021034585 8039
56 0.15650961867748794 22755
56 0.06352494808133251 27235
55 0.0780112746300166 27258
55 0.4209239676731937 9754
55 0.11095238095238094 13569
55 0.2657957145828999 6721
55 0.2234477423415905 21885
55 0.5731601731601731 6001
55 0.7995959595959596 1725
54 0.4282999164578112 6259
54 0.265053951065976 8034
54 0.4 12506
54 0.21129062436175908 17240
54 0.06918788174942131 16668
54 0.1878980501665687 4649
54 0.44374092229484385 6085
54 0.10438782702848039 20027
54 0.2167139189019402 23672
54 0.23637674677459738 18469
54 0.4119361736464133 6061
54 0.5 7847
53 0.27445971379608336 17185
53 0.26542783962473065 9218
53 0.17538479056016626 12130
53 0.07644954811011923 18265
53 0.18210195958239067 24147
53 0.27463185849652993 15069
53 0.09571987152632314 19323
52 0.12290859845558555 20408
52 0.067279408227325 12338
52 0.07959788112622121 13191
52 0.2141717931191615 3402
52 0.08596361744059954 20188
52 0.2102826463624601 19073
52 0.5723443223443223 4110
52 0.11526066442356034 3863
52 0.5 9467
52 0.15727337881212605 14285
52 0.23693757249148106 21102
51 0.23506408865937625 27449
51 0.25 17807
51 0.17775440336434928 19577
51 0.07948578291715547 11549
51 0.10329047934132729 24009
51 0.26590763565232983 5053
51 0.2230445456406598 16639
51 0.14448453978614628 21933
51 0.05765394628441534 36012
50 0.10809486317653287 25869
50 0.190269227300212 22643
50 0.19935984183663177 18692
50 0.12514697791404594 23128
50 0.44282777777777776 7845
50 0.4550407925407925 7761
49 0.07943673224252722 25165
49 0.3623154205860973 10702
49 0.11450700188995508 29192
49 0.174844836199633 18232
48 0.3746294265756985 15271
48 0.18945387094748653 19685
48 0.20002773128221477 16979
48 0.1379670678213443 32614
48 0.2634772877454221 15966
48 0.09064699043319568 15535
48 0.22897304308594632 15716
48 0.3576781414320114 16782
48 0.42857142857142855 1265
48 0.17668201603585285 22608
48 0.15490777473074444 24470
47 0.1250347984797456 25773
47 0.713677811550152 3591
47 0.3537818212379858 11594
47 0.15019424665762313 25988
47 0.10237392320259062 3944
47 0.17638975915530652 25693
47 0.38160072017611335 15107
47 0.16757653577282666 23733
47 0.30941653763952726 12288
46 0.06850527973353368 14262
46 0.6 5121
46 0.23161706154033523 2982
46 0.14277660821157365 20305
46 0.06517643592321978 20433
45 0.2756328150351139 19430
45 0.18234274484704482 21130
45 0.09362093519176268 5575
44 0.07530868779269691 21651
44 0.22213192037119425 18158
44 0.11250615957476114 35137
44 0.09070252728992166 25275
44 0.30098267444233495 15262
44 0.3547956624749775 18504
44 0.21414773255687053 20503
44 0.36428882122662026 8865
43 0.16453660329810768 27338
43 0.23710148052805724 10972
43 0.1256840986580773 33734
43 0.5 11826
43 0.15416618979297939 30683
43 0.5714285714285714 2576
43 0.06565292521070258 25276
42 0.05726178268192682 15800
42 0.07356813666757997 23511
42 0.3539681089827235 9285
42 0.22932308384666747 19594
42 0.2878108232540328 14337
42 0.470892782390196 16133
42 0.0573769864679835 30581
42 0.11086319436164636 32310
41 0.31499752692971233 16412
41 0.36363636363636365 4402
41 0.36323513884489494 3075
41 0.07506428768733744 29084
40 0.057990894878163224 24002
40 0.4153614316540013 12730
40 0.3854388968519403 7001
40 0.26236406175537474 17364
40 0.5 15543
40 0.2726014976052823 22316
40 0.06503596415307958 22302
40 0.2991717228737689 18489
40 0.20987738907830716 22219
39 0.06305842323394506 18262
39 0.1526090351614286 28667
39 0.13611493672647304 30644
39 0.20076056576815432 24542
39 0.14942404978691687 36708
39 0.31062493511886224 13507
39 0.08502537547972797 33893
39 0.10058478217769566 28090
39 0.21841632079324205 27629
39 0.4156918073326742 7821
38 0.3146126551116282 14425
38 0.17659761506056193 30927
38 0.21028191998693588 29180
38 0.30045766590389017 11669
38 0.1344265099409755 27132
38 0.16624301858803608 33363
38 0.45601766654398235 5572
38 0.08874943257935586 28852
38 0.1619368297682903 26158
37 0.1206671133502716 41654
37 0.14083634319921912 29238
37 0.26373342452630916 24634
37 0.31047508679087626 2856
37 0.07646326414229082 41508
37 0.13790250048404756 25347
37 0.2094609522147688 33439
37 0.22949144052959092 29991
36 0.1899894038700396 30112
36 0.24981231231231232 21260
36 0.07245707113590585 37224
36 0.07349705372384635 39416
36 0.3339419699872286 17597
36 0.0545595413113473 20339
36 0.10031553415862406 29905
36 0.4028894610593957 15823
36 0.15433118705306156 38905
36 0.34911803013597703 13928
36 0.13197726753794645 35968
36 0.12369811650247388 30545
35 0.38461538461538464 1491
35 0.35492196878751503 7551
35 0.26240898938252005 18884
35 0.08619189189402927 31339
34 0.19945709466582331 22208
34 0.6666666666666666 5580
34 0.5555555555555556 4415
34 0.282789710711871 21026
34 0.12952703706107152 39021
34 0.7693490669269217 8019
34 0.15046271723924123 32406
34 0.3167124954867226 18420
34 0.3147111039352426 31182
34 0.2759333975935297 29746
34 0.15818036552481773 6682
34 0.11547284339671883 27033
34 0.20193651506627866 31031
33 0.44375191307009487 9601
33 0.07363342859108134 31168
33 0.19107017854723074 25743
33 0.3523854500362961 25189
33 0.38529908095125487 8493
33 0.05218798615687538 25471
33 0.233976639115958 23258
33 0.12624623411068425 2035
33 0.13062044531675512 24259
32 0.27805555555555556 9501
32 0.07735754985754986 9715
32 0.298690023341843 28738
32 0.16647258259570552 35929
32 0.2023186452439415 37403
32 0.2945829561178826 16860
32 0.0544727502155188 38798
32 0.24898772204806688 22934
32 0.35129631307590403 22910
32 0.2491760462384072 28706
32 0.11851438698596159 37518
32 0.4166666666666667 4041
32 0.5455965909090909 6732
32 0.24703794409613375 24166
32 0.14577116816177074 27447
31 0.0996027871611357 34018
31 0.2595193161184441 22672
31 0.29342221686907466 20360
31 0.438518830627155 23440
31 0.300909422157669 23180
31 0.22231599666356341 19979
31 0.3049438172860333 19666
31 0.2854989222536049 16194
31 0.18286962168041765 34390
31 0.8571428571428571 4587
30 0.06724739224910985 9963
30 0.07475279169532043 7394
30 0.21699723098018012 31278
30 0.21465538085782906 39273
30 0.3836325323019476 16953
30 0.18691651944693824 27554
30 0.45883387550532456 3446
30 0.25436138325338886 35123
30 0.05370971794705088 18056
30 0.7987830687830688 4321
30 0.30794423835091 17234
29 0.1979646390970627 28837
29 0.09092601565033576 39518
29 0.14207826417508815 34722
29 0.3333333333333333 19808
29 0.457812876778394 11337
29 0.15158712142760708 52605
29 0.2175035769512193 35446
29 0.05340739995586928 33235
29 0.41244083840432727 1830
29 0.17727352725277193 28528
29 0.2483279153297424 19548
29 0.2864988517888879 25284
28 0.2871595210664911 18171
28 0.46341872781501264 6681
28 0.2629241216921797 20575
28 0.16678120039355712 29148
28 0.25056057613661303 25770
28 0.09075030842617583 36303
28 0.09057172698545184 26998
28 0.10182451962711128 37746
28 0.09750394503718464 32002
28 0.2981993560980009 31923
27 0.2720314092047919 34822
27 0.07428149166611059 35115
27 0.31704799753172214 20178
27 0.3615280625806942 14679
27 0.23631068618293274 34770
27 0.15557580836443316 34447
27 1.5 574
27 0.24774250601276113 37820
27 0.287306949817061 27935
27 0.19437055197392641 33110
27 0.2614589904121243 27796
26 0.3464372155497959 30943
26 0.6266537949230256 6219
26 0.3326097590803473 21831
26 0.4670801186191756 13742
26 0.3852028984189951 10049
26 0.22163105405128547 33138
26 0.29353108764873476 11948
25 0.054160658844679375 40982
25 0.38595742421829377 12064
25 0.40269201822143 18777
25 0.22342811179004887 51650
25 0.2625265037491925 30619
25 0.2900309181397517 23292
25 0.05637751394792729 11210
25 0.38140450714813534 19806
25 0.31792991077201604 12176
25 0.08666393704749144 43753
25 0.3078326029293046 25057
25 0.16264932088285228 31555
25 0.4664920968563451 8788
25 0.14905170213427404 44125
25 0.13248460885808255 44319
24 0.37930683620338795 13667
24 0.22881675646919053 37285
24 0.05435999678417843 43237
24 0.24139147571209596 47669
24 0.2644479719415689 40455
24 0.1068652073075848 39777
24 0.14679448709281132 48993
24 0.31295935388671753 22174
24 0.07117765701834948 44566
23 0.5558574879227054 6757
23 0.2429378998700281 41474
23 0.7508361204013378 4836
23 0.1090586355115855 43433
23 0.2737620991369117 26503
23 0.3189098957303915 24626
23 0.4706192814405635 10391
23 0.3513854258600791 28355
23 0.1407791133664982 40891
23 0.16860291766034682 40499
22 0.23371502406076425 39583
22 0.056323361517013046 54165
22 0.09660370536853753 41785
22 0.36647824220790726 22630
22 0.445821854912764 1604
22 0.4282296650717703 11645
22 0.42459076011707586 17191
22 0.16878458138482202 48596
22 0.18619020485627988 36763
22 0.2003882080535879 35174
22 0.28346511455730034 32679
22 0.1005230551055223 52217
21 0.1684932315013175 43191
21 0.37453430874483506 11996
21 0.28776158271948094 38879
21 0.051449526802543485 22695
21 0.2612402996827055 44300
21 0.21329807640152718 43166
21 0.3308106683533628 28587
21 0.43419509349633567 14241
20 0.6256555944055944 4031
20 0.3259024406881236 38674
20 0.18512598065866318 39602
20 0.1727524594199345 38066
20 0.14622917644752292 46659
20 0.3333333333333333 24155
20 0.24885233980061566 32492
20 0.10622670263367887 49967
20 0.16967627269076663 45797
20 0.5321390786715864 12670
20 0.38835268868578826 18653
20 0.2617295038785579 32609
20 0.38712646801707107 22485
20 0.44380555555555556 11739
19 0.3113270541188681 27338
19 0.2337553598430248 32348
19 0.44704508790261965 15838
19 0.14974302069654333 42029
19 0.12140049597087155 52945
19 0.534873382551401 6971
19 0.3589703228591621 19998
19 0.23560942822729722 44272
19 0.08011367139513592 4501
19 0.1847288936691135 45582
19 0.2450999722523904 52296
19 0.20183542016169273 40387
19 0.284763322565932 41875
18 0.34814359411546114 5208
18 0.10370222030790303 46524
18 0.10487438311645592 55710
18 0.698268106162843 9802
18 0.24368255178600007 30657
18 0.3050694708438753 35346
18 0.6256313131313131 2237
18 0.11748839581694674 45727
18 0.46419852005529755 18710
18 0.3259367789471155 35881
18 0.26324821566217643 37638
18 0.18692875600770337 47672
18 0.5530373176206509 10852
17 0.34736088280873956 33273
17 0.17802273828294465 55619
17 0.420803139069393 15246
17 0.05577719843813628 61146
17 0.07804686504054871 49956
17 0.3308938991771897 26432
17 0.4243351591648805 19065
17 0.12815257530096144 47714
17 0.5384276623030948 9587
17 0.3643524901884035 27221
17 0.3480188248583759 36065
17 0.7018234216763628 6350
17 0.4086643047685883 21451
17 0.21089593302682935 45695
17 0.12852286237903227 50532
16 0.09837752425334194 66583
16 0.19445792490762004 54392
16 0.19202740791810863 50688
16 0.27048978015269 50127
16 0.2839862411607101 35924
16 0.08528993688907541 46677
16 0.3409346422075255 46189
16 0.5 18296
16 0.3276167032714146 33358
16 0.18713000723691514 31793
16 0.050517337604147616 46877
16 0.5429674492174492 4505
16 0.20367709932988973 48695
16 0.8323863636363636 2483
16 0.3506666127989657 20808
15 0.4006811011585095 24845
15 0.06100861884950854 6620
15 0.4378880837359098 17597
15 0.19318064972750468 41873
15 0.2908715192797135 44647
15 0.8316696375519906 5823
15 0.17119322464591005 52456
15 0.6003760074348309 9918
15 0.1936947702180217 57952
15 0.11574654104065868 61415
15 0.5709205077912171 8028
14 0.07735565338948798 57228
14 0.20301040220926767 66808
14 0.1011965254958774 62841
14 0.5996092143150966 7664
14 0.29325226201175864 48934
14 0.4347412457325827 27885
14 0.267028865355933 65704
14 0.09221712074881047 48249
14 0.2252492847394921 48062
13 0.05320793431290123 50542
13 0.3475779228294487 42033
13 0.3653922789994677 31718
13 0.6666666666666666 8560
13 0.8598901098901099 2255
13 0.6134286653517423 11935
13 0.18701827355673512 43527
13 0.30964425416691976 39151
13 0.373619988498531 47323
13 0.4391378669639539 20803
13 0.07150616581431522 48165
13 0.09073566708895972 59670
12 0.41549464330904495 38230
12 0.07242372571673647 46640
12 0.3947156033625528 42921
12 0.06558512340713152 67560
12 0.31316365438144794 46736
12 0.11668418700152446 58496
12 0.5817257010331015 23157
12 0.40750231068858517 31965
12 0.21547888087817202 55571
12 0.053890665892053415 58590
12 0.43718297101449277 2346
12 0.5736737677527152 10839
11 0.13464931181649448 61092
11 0.21839402129036276 86204
11 0.41750679907455407 23484
11 0.32228761986179616 42569
11 0.3886783861208414 26237
11 0.08224664546083066 54948
11 0.3671425127691903 39168
11 0.5281974003571795 22629
11 0.11683267183267182 77054
11 0.5611471861471862 14035
11 0.17359884715477983 67204
10 0.3814892623716153 30871
10 0.14964782856462422 64210
10 0.28081329879599104 61711
10 0.39448058552177545 29820
10 0.13544385836670672 55520
10 0.4583574758574759 25705
10 0.37363738953121894 35243
10 0.4808614986709895 23480
10 0.466177166486764 21525
10 0.5222511703060901 17029
10 0.12896441587568586 82768
10 0.1385581092356265 78954
10 0.5839267285861713 13346
10 0.5705357142857143 898
10 0.3318860554551759 49854
10 0.6366864018334606 9486
10 0.11886769774144237 72433
9 0.2588862960824533 76577
9 0.3423674802018626 53921
9 0.28033238120352455 57836
9 0.4749942210418663 28513
9 0.6959993309064516 13369
9 0.24010636465396498 64895
9 0.09200497619426488 74328
9 0.05522285978291748 81456
9 0.3653743819533293 42830
9 0.17179186065364926 85836
9 0.23511974362868202 71332
9 1.3333333333333333 1517
9 0.12338225169577743 65212
9 0.252893681508603 55710
9 0.349204319408923 38511
9 0.17028774999585805 59116
9 0.054693793070291694 74833
9 0.29883501331848833 53414
9 0.6392599815045635 13838
9 0.13806252139585473 67994
9 0.34537545787545787 68344
9 0.07867805735122077 52396
9 0.5619906448891956 27506
8 0.35356276457068475 63046
8 1.0 5899
8 0.15072306166056165 76163
8 0.19363305701089553 61573
8 0.2108975886549416 81257
8 0.17450756459377148 64000
8 0.7238816738816739 9340
8 0.06755253918705348 92990
8 0.07775223444430762 62409
8 0.33272827778293845 73628
8 0.09632146455107779 70613
8 0.6057878112225938 15801
8 0.40768029759965246 27293
8 0.4451754385964912 38155
8 0.2359510945037261 58008
8 0.7325757575757575 7113
8 0.17638694972075977 73739
8 0.20206177901268035 74903
8 0.21415605297184243 70857
8 0.16391316128158234 56692
8 0.7514880952380952 10256
8 0.1497505783689994 71047
8 0.4321618837243837 32778
8 0.12547012541469477 100036
7 0.23226041039705633 77586
7 1.6666666666666667 957
7 0.2148271019164021 60419
7 0.05285565843057132 64501
7 0.38887418114851025 37196
7 0.27798005565862705 53890
7 0.42943792625324645 41750
7 0.46806226876715595 30743
7 0.17661635493861869 81101
7 0.15605093875770568 99926
7 0.06600017016085882 86698
7 0.1403894252626681 105388
7 0.5512265512265512 2101
7 0.23030530712858902 97849
7 0.5526953205524634 16078
7 0.18291275427841486 78193
7 0.0561220653386552 1477
7 0.41213910934895603 34986
7 0.3794479330193616 24763
6 0.2853369868613771 69272
6 0.802732683982684 8269
6 0.3068211880711881 61158
6 0.23334268777817166 104555
6 0.12466931216931217 87307
6 0.6666666666666666 12770
6 0.2988101966581163 57589
6 0.7308878256246677 15546
6 0.05568165966112051 71188
6 0.3400735294117647 57967
6 0.3988075868434527 49517
6 0.10202417087063 84294
6 0.14374699374699373 58996
6 0.2592874692874693 83175
6 0.5937743447547369 18196
6 1.25 2132
6 0.26340508225277537 91319
6 0.26480948990297654 71731
5 0.12339024390243902 68678
5 0.8549450549450549 14263
5 0.08365800865800865 134890
5 0.11859622888543911 117256
5 0.45154444844941055 47158
5 0.371986531986532 53956
5 0.4817647567193847 35114
5 0.8833333333333332 10663
5 0.17690748836249257 70255
5 0.8883333333333333 4238
5 0.841025641025641 12179
5 0.3862225938312895 59409
5 0.4172590020779084 71481
5 0.41826612393909385 48189
5 0.5600434782608696 20921
5 0.31951435624036245 57782
5 0.292002886002886 75517
5 0.25647773279352226 60876
5 0.4722902343873109 41543
5 0.2364034954278857 62040
5 0.926097431979785 4547
5 0.8523809523809524 8576
4 0.6452941176470588 23617
4 0.1616808914177335 62182
4 0.44241748589574675 58787
4 0.16590533122791187 118124
4 0.13085880904085773 136875
4 0.13192630563173857 111434
4 0.4948893698893699 58109
4 1.5 5015
4 0.506578947368421 29400
4 0.07218643425539978 77866
4 0.20226964769647698 137343
4 0.20294232164191842 109566
4 0.27669618660472317 151159
4 1.4008928571428572 2604
4 2.5 596
4 0.24734848484848485 111850
4 0.604951690821256 22725
4 0.7509600614439325 16518
4 0.5059523809523809 47450
4 0.050871080139372825 98445
4 0.5906158357771261 26510
4 0.5073591253153911 40070
4 0.1768316110227875 101253
4 0.09354636591478696 89374
4 1.1916666666666667 2399
4 0.15860511954261955 138362
4 0.563813025210084 31510
4 0.15211104684788895 90134
4 0.3513659763659764 76912
4 0.1360805860805861 188884
4 0.38482152452740687 68285
4 0.20256410256410257 93420
4 0.17813324160073385 94177
4 0.7912698412698413 14099
4 0.43029448621553884 53370
3 0.18310104529616725 105210
3 0.5764411027568922 37584
3 0.12372574190138186 143470
3 0.33951558265582654 84992
3 0.4119537496553625 64229
3 0.9090909090909091 11437
3 0.6069389547650418 33577
3 1.1136363636363635 2654
3 0.33055555555555555 115517
3 0.5389103389103389 31290
3 0.2020822665983956 123651
3 0.34959349593495936 80618
3 0.3793028322440087 75000
3 0.5384689502336562 38668
3 0.07576633892423366 99273
3 1.0 11452
3 0.621031746031746 26458
3 0.2428488264401577 161064
3 0.29433719433719435 64625
3 0.09514452332657201 108059
3 0.06484487734487734 105177
3 0.5 26264
3 0.09049529289409348 94930
3 0.8709677419354839 23159
3 0.5553929765886287 42932
2 0.8020833333333333 32711
2 0.29107830551989733 120194
2 0.084375 156141
2 0.3380952380952381 89151
2 0.096875 177672
2 0.13030560271646857 154145
2 0.5064102564102564 75083
2 0.05857385398981324 123016
2 0.06386392811296535 202476
2 0.2899159663865546 108458
2 0.9166666666666666 41457
2 0.16666666666666666 169542
2 0.13031358885017422 130125
2 0.7445887445887446 24940
2 0.06618156618156618 113463
2 0.2222222222222222 114338
2 0.6785714285714286 27789
2 0.3205128205128205 132558
2 1.0 36745
2 0.5941176470588235 51539
2 0.1241025641025641 91881
2 0.8571428571428571 38707
2 1.3333333333333333 5895
2 0.6186335403726708 30285
2 0.21525096525096526 167606
2 1.1339285714285714 7023
2 0.16728797763280523 125535
2 0.25164203612479474 120315
2 2.0 661
2 0.4660633484162896 66778
2 0.6290849673202614 39791
1 0.17142857142857143 361236
1 0.4411764705882353 100515
1 0.5757575757575758 786492
1 0.2 159739
1 0.05555555555555555 148958
1 0.08 142764
1 0.07692307692307693 172280
1 5.333333333333333 2825
1 0.391304347826087 100595
1 0.13157894736842105 505504
1 0.9354838709677419 23159
1 0.2702702702702703 270738
1 0.17647058823529413 149524
1 0.4090909090909091 82557
1 0.6842105263157895 21413
1 0.38461538461538464 197767
1 0.0625 185250
1 0.24324324324324326 484043
1 0.7407407407407407 354730
1 1.75 1471
1 0.3142857142857143 112493
1 0.23076923076923078 189841
1 0.13513513513513514 174997
1 1.2857142857142858 7474
1 3.0 635
1 0.36363636363636365 238666
1 0.7142857142857143 428400
1 0.15 163334
1 1.8888888888888888 3188
1 0.125 219419
1 0.11538461538461539 201073
1 0.23809523809523808 204883
1 0.16216216216216217 158283
1 0.11904761904761904 149576
1 0.75 81134
1 0.375 523094
1 0.13157894736842105 305564
1 0.9047619047619048 34928
1 0.12195121951219512 247729
1 0.47619047619047616 379639
1 1.5714285714285714 1941
1 0.275 172391
1 1.0769230769230769 15844
