count robl loc
322643 0.0 1
42407 0.0 2
24190 0.0 3
19439 0.0 5
19102 0.0 4
14835 0.0 6
9949 0.0 7
8248 0.0 8
6847 0.0 9
5253 0.0 10
4143 0.0 11
3651 0.0 12
2881 0.0 13
2734 0.2 5
2716 0.25 4
2688 0.16666666666666666 6
2491 0.0 14
2102 0.125 8
2035 0.14285714285714285 7
1996 0.0 15
1867 0.1 10
1765 0.0 16
1739 0.1111111111111111 9
1651 0.2857142857142857 7
1614 0.5 2
1591 0.09090909090909093 11
1571 0.3333333333333333 3
1548 0.4 5
1536 0.3333333333333333 6
1458 0.0 17
1414 0.25 8
1322 0.2222222222222222 9
1260 0.0 18
1249 1.0 1
1223 0.08333333333333333 12
1211 0.2 10
1198 0.18181818181818182 11
1079 0.15384615384615385 13
1049 0.0 19
1031 0.16666666666666666 12
1004 0.07692307692307693 13
989 0.07142857142857142 14
942 0.0 20
909 0.14285714285714285 14
891 0.13333333333333333 15
873 0.5 4
834 0.0 21
780 0.06666666666666667 15
763 0.3 10
735 0.0 22
691 0.375 8
689 0.0625 16
625 0.3333333333333333 9
614 0.2727272727272727 11
600 0.125 16
575 0.0 23
573 0.25 12
571 0.23076923076923078 13
552 0.05555555555555555 18
549 0.21428571428571427 14
548 0.11764705882352941 17
544 0.058823529411764705 17
517 0.6666666666666666 3
517 0.0 24
493 0.2 15
465 0.1111111111111111 18
464 0.05263157894736842 19
462 0.42857142857142855 7
454 0.0 25
437 0.1875 16
427 0.10526315789473684 19
414 0.17647058823529413 17
403 0.05 20
399 0.25 16
397 0.16666666666666663 18
387 0.0 26
385 0.5 6
377 0.0 28
377 0.14285714285714285 21
371 0.1 20
367 0.047619047619047616 21
365 0.3636363636363636 11
353 0.23529411764705882 17
348 0.0 27
346 0.15789473684210525 19
319 0.09523809523809523 21
312 0.3076923076923077 13
304 0.15 20
299 0.3333333333333333 12
293 0.0 29
291 0.22222222222222218 18
289 0.045454545454545456 22
284 0.26666666666666666 15
278 0.0 30
270 0.08 25
269 0.2857142857142857 14
265 0.0 31
264 0.21052631578947367 19
259 0.125 24
257 0.19047619047619047 21
251 0.0 40
248 0.08695652173913043 23
246 0.09090909090909091 22
244 0.4444444444444444 9
236 0.0 32
233 0.13043478260869565 23
231 0.13636363636363635 22
230 0.2 20
230 0.0 33
228 0.4 10
222 0.043478260869565216 23
219 0.6 5
211 0.35714285714285715 14
210 0.0 34
207 0.18181818181818182 22
207 0.041666666666666664 24
191 0.75 4
188 0.037037037037037035 27
188 0.038461538461538464 26
187 0.11538461538461538 26
186 0.0 37
184 0.04 25
183 0.16666666666666666 24
182 0.25 20
181 0.05425882410470953 36
181 0.0 36
180 0.08333333333333333 24
180 0.2777777777777778 18
179 0.23809523809523805 21
179 0.3333333333333333 15
176 0.3125 16
176 0.11999999999999998 25
175 0.0 35
174 0.5 8
174 0.3846153846153846 13
172 0.07692307692307693 26
171 0.17391304347826086 23
169 0.29411764705882354 17
166 0.03571428571428571 28
165 0.14814814814814814 27
164 1.0 2
161 0.2631578947368421 19
160 0.3157894736842105 19
160 0.4166666666666667 12
159 0.13793103448275862 29
159 0.5714285714285714 7
157 0.22727272727272727 22
154 0.06451612903225806 31
154 0.2173913043478261 23
154 0.13654888654888656 36
152 0.11111111111111112 27
148 0.0 39
148 0.16 25
144 0.050029315196998124 39
143 0.0 38
142 0.2 25
137 0.07142857142857142 28
135 0.05714285714285714 35
134 0.07407407407407407 27
134 0.20833333333333334 24
134 0.06666666666666667 30
132 0.03333333333333333 30
132 2.0 1
128 0.0967741935483871 31
128 0.06896551724137931 29
126 0.3 20
123 0.15384615384615385 26
121 0.0 54
120 0.4 15
120 0.375 16
120 0.02742117117117117 36
119 0.13333333333333333 30
119 0.0 58
119 0.19230769230769232 26
117 0.2727272727272727 22
117 0.034482758620689655 29
116 0.10714285714285712 28
116 0.08460591133004927 35
115 0.030303030303030304 33
114 0.0 42
113 0.12990696619015202 38
113 0.0 49
111 0.08017761716196994 37
111 0.0 66
109 0.16129032258064518 31
108 0.03125 32
108 0.45454545454545453 11
107 0.14285714285714285 28
106 0.0625 32
105 0.13142915877420966 45
105 0.025917357496304864 38
105 0.10344827586206898 29
105 0.024738675958188155 40
105 0.04468494468494469 44
105 0.023482571323102882 42
104 0.21428571428571427 28
104 0.2608695652173913 23
103 0.0 47
102 0.5 10
102 0.029411764705882353 34
102 0.1724137931034483 29
101 0.3333333333333333 18
101 0.0713547612763059 42
101 0.35294117647058826 17
101 0.3684210526315789 19
100 0.03225806451612903 31
100 0.12903225806451613 31
98 0.17857142857142858 28
98 0.125 32
98 0.09375 32
98 0.0 52
96 0.42857142857142855 14
95 0.06060606060606061 33
95 0.18518518518518517 27
94 0.1 30
94 0.0 43
93 0.020924962297891016 47
93 0.11117368165054 44
92 0.0 64
92 0.25 24
89 0.6666666666666666 6
88 0.2857142857142857 21
88 0.07598339160839161 39
87 0.06675147274847425 44
87 0.15244848025159996 45
87 0.19136377757067413 36
86 0.1477878615995462 40
86 0.24000000000000002 25
85 0.47131670005463483 17
84 0.16666666666666666 30
84 0.35 20
83 0.30434782608695654 23
83 0.20689655172413793 29
83 0.16290107576182106 42
82 0.028571428571428574 35
81 0.10142450142450142 39
81 0.08823529411764706 34
81 0.11764705882352941 34
81 0.0 48
81 0.022204329933798533 45
81 0.0 44
80 0.04266689793401172 46
78 0.27586206896551724 29
78 0.1935483870967742 31
78 0.0 46
77 0.09090909090909091 33
77 0.8 5
76 0.06279281029321022 47
76 0.1777731548898597 45
76 0.058823529411764705 34
75 0.15625 32
73 0.38095238095238093 21
73 0.2222222222222222 27
73 0.0 45
72 0.23076923076923078 26
71 0.04016908171719392 49
71 0.13756960366852275 43
71 0.3333333333333333 21
71 0.12366884232222605 40
71 0.11740988567061282 42
70 0.21904761904761905 36
70 0.22452760653980167 40
70 0.4615384615384615 13
69 0.13150831991411702 53
69 0.04700916429935641 42
69 0.5555555555555556 9
68 0.10810810810810811 37
66 0.2 30
66 0.25925925925925924 27
66 0.13078598937932623 61
66 0.0834358566121484 47
65 0.15151515151515152 33
65 0.018533569854324573 53
65 0.2962962962962963 27
64 0.25 28
64 0.12272161989795918 48
64 0.3181818181818182 22
63 0.28 25
63 0.12121212121212122 33
63 0.1730352303523035 40
62 0.10526315789473684 38
62 0.3888888888888889 18
61 0.019605865044630712 51
61 1.0 4
61 0.23967539584450714 37
61 0.0918795272588639 43
60 0.1111111111111111 36
60 0.2916666666666667 24
60 0.22580645161290322 31
60 0.0033144700012169895 166
60 0.20773729194781826 38
59 0.23333333333333334 30
59 0.11428571428571428 35
59 0.0581379229510308 51
59 0.08793908130680422 45
59 0.2413793103448276 29
59 0.16216216216216217 37
58 0.4117647058823529 17
58 0.14705882352941177 34
58 0.14285714285714285 35
57 0.15384615384615385 39
57 0.25992923485183544 34
56 0.17647058823529413 34
56 0.5454545454545454 11
55 0.625 8
54 0.0 61
54 0.4375 16
54 0.0710978508619162 56
54 0.07901234567901234 50
53 0.0751400413201766 53
53 0.34782608695652173 23
53 0.1542220196126757 51
52 0.1875 32
52 0.14272435897435898 49
52 0.23708754848856947 42
51 0.0 51
51 0.0007739938080495355 77
50 0.1898365538765095 52
50 0.18181818181818182 33
50 0.09654941802555567 51
50 0.16666666666666663 36
50 0.1794871794871795 39
50 0.19795121951219513 40
50 0.14285714285714285 42
50 0.36 25
49 0.18421052631578946 38
49 0.0 60
49 0.016630469915112474 60
48 0.3764128352490421 29
48 0.03647586980920314 54
48 0.2692307692307692 26
48 0.7142857142857143 7
48 0.2058823529411765 34
47 0.22857142857142856 35
47 0.2509627600538409 51
46 0.2860492022896115 34
46 0.17142857142857143 35
46 0.18845394578458277 42
46 0.3333333333333333 24
46 0.30920619235836627 32
46 0.5 14
46 0.10493755781683625 47
45 1.0 7
45 0.15789473684210525 38
45 0.030801282051282054 64
45 0.26666666666666666 30
45 0.09881938531312462 60
45 0.2534188034188034 39
44 0.0975609756097561 41
44 0.5 12
43 0.3 30
43 0.0 79
43 0.3076923076923077 26
43 1.0 3
43 0.2115042880321409 42
43 0.19999999999999998 35
42 0.37202380952380953 32
42 0.16810199257007769 47
42 0.061313569948964405 65
41 0.18544673967147837 48
41 0.12524117944528726 55
41 0.10573584929523135 56
41 0.02801424013656064 74
41 0.18057897876240595 70
41 0.14542638932882834 55
40 0.08191322933192315 61
40 0.0 72
40 0.19409111933395004 46
40 0.2121212121212121 33
39 0.09523809523809523 42
39 0.24242424242424243 33
39 0.10120355834641549 49
39 0.34615384615384615 26
39 0.12783979630953443 76
39 0.09273621677467832 64
38 0.02985319672395131 67
38 0.05453216374269005 55
38 0.17525254834601045 62
38 0.25806451612903225 31
38 0.161890440386681 49
37 0.26840490316100074 41
37 0.4 20
37 0.11158293799803233 53
37 0.20457345100202243 48
37 0.08066173335160677 78
37 0.2119170737372735 51
36 0.08832846003898635 56
36 0.2018939393939394 44
36 0.24945449325294286 44
36 0.17631975867269983 51
36 0.21875 32
36 0.23508486226744785 46
36 0.5 16
36 0.42105263157894735 19
35 0.12954028886508676 69
35 0.7701726844583987 13
35 0.261761155896216 45
35 0.1006332373939552 82
35 0.13574660633484162 51
35 0.2352941176470588 34
35 0.36363636363636365 22
35 0.2857142857142857 28
35 0.12792508398837024 93
35 0.280459075807913 42
34 0.42857142857142855 21
34 0.03807734995304363 52
34 0.4666666666666667 15
34 0.13492248925560363 81
34 0.4074074074074074 27
34 0.3333333333333333 27
33 0.3477822580645161 31
33 0.11511492503031372 60
33 0.0006966213862765587 86
33 0.16669785331877957 54
33 0.15485555978513726 72
33 0.26595973964395014 37
33 0.302004802004802 37
33 0.03393903972512973 58
33 0.138175877325036 57
32 0.2903225806451613 31
32 0.0 69
32 0.06593442174797659 60
32 0.09175084175084175 54
32 0.25 32
32 0.10646884188845798 78
32 0.16223136641400787 61
32 0.03086511217060819 70
32 0.6 10
31 0.5 18
31 1.5 2
31 0.453396871945259 21
31 0.15855963601997208 56
31 0.25 36
31 0.0013234425795592597 97
31 0.021621212233995157 95
30 0.1401517232767233 64
30 0.10680417196160863 86
30 0.43478260869565216 23
30 0.0007575757575757576 88
30 0.11644042232277527 51
30 0.3103448275862069 29
29 0.026720782332969293 79
29 0.22553117380703586 44
29 0.2320404560159798 62
29 0.31999999999999995 25
29 0.4431712348953728 25
28 0.08537196292894714 58
28 0.18526029584133705 76
28 0.2727272727272727 33
28 0.44444444444444436 18
28 0.19543901006807066 66
28 0.10867812742812744 64
28 0.0008710801393728223 82
28 0.07029370449704095 71
28 0.8559654631083202 13
28 0.0159195902823495 62
28 0.01761369248243762 56
27 0.8571428571428571 7
27 0.04691018857685524 63
27 0.08156788367314684 74
27 0.28125 32
26 0.14548953228954756 67
26 0.1542200309811646 76
26 0.27246128238529455 48
26 0.32270868558758753 44
26 0.17802631006432967 67
26 0.5001473622163277 28
26 0.391304347826087 23
25 0.04912215758857747 61
25 0.32233285917496446 37
25 0.0406248364799288 83
25 0.05184164385247162 57
25 0.8333333333333335 6
25 0.2192921641723372 74
25 0.0026123324774773287 121
25 0.04425864169040869 67
25 0.2058228798178966 58
25 0.05513848687399653 77
24 0.12264174465667003 65
24 0.277822241168524 68
24 0.23101468453854693 51
24 0.29542682926829267 40
24 0.2556394226985898 70
24 0.32142857142857145 28
24 0.5333333333333333 15
24 0.06496994796521739 131
24 0.23431666814342253 55
23 0.12916872817079125 84
23 0.2003508166551645 54
23 0.38127090301003347 25
23 0.12644400922518964 107
23 0.1128215086882065 90
23 0.07401649848470013 67
23 0.22214729370008876 49
23 0.12219905841246757 99
23 0.13851705330956057 72
23 0.020516022506557655 84
23 0.07850739236608802 63
23 0.419453734671126 24
23 0.6983277591973244 10
23 0.6666666666666666 9
23 0.032240911600808594 62
22 0.03869327329444827 77
22 0.1443201313454478 78
22 0.2175850760239623 59
22 0.1844266433307529 73
22 0.20286496547403476 62
22 0.011489114749984318 90
22 0.16738336290575095 65
22 0.17299172163978832 57
22 0.25848199986965853 62
22 0.36990608696894467 41
22 0.276495480174741 55
22 0.3232908351810791 40
22 0.09759546258477435 68
22 0.036593566177325114 89
21 0.06868913960370285 140
21 0.10775488866235297 103
21 0.07318416150190163 93
21 0.011453812335788268 132
21 0.4770777876367938 21
21 0.08412998101678126 71
21 0.0015252039960344697 93
21 0.26176160252569863 58
21 0.03553526673827426 56
21 0.05106564793812919 96
21 0.3225806451612903 31
21 0.38802226658014133 32
21 0.2145279943614819 46
21 0.013854670110699437 72
21 0.07738942669139648 82
20 0.14512326568791334 99
20 0.34689075630252103 34
20 0.3184453781512605 34
20 0.75 8
20 0.30020548575581946 47
20 0.11290016155679616 137
20 0.05684410923430637 85
20 0.15504807692307693 64
20 0.1587504567044209 69
20 0.03718950886277336 102
20 0.1872824549379126 82
20 0.5384615384615384 13
20 0.18019480519480519 55
20 0.09236964354177897 97
20 0.06708797713543936 88
20 0.10736517339257065 73
19 0.3448275862068966 29
19 0.0895701027318542 90
19 0.0014035087719298247 74
19 0.21842485000379738 54
19 0.287129767739186 38
19 0.3333333333333333 33
19 0.1686053871741423 82
19 0.4 25
19 0.10164211060994822 112
19 0.3951127819548872 28
19 0.014516470203642098 68
19 0.339943604176222 42
19 0.2253466694111766 67
19 0.09782495743506944 71
19 0.5281081961870621 17
19 0.015057029903848444 66
19 0.26554831780020166 52
19 0.4090909090909091 22
18 0.00041152263374485596 136
18 0.0038885507540407115 156
18 0.14818289538331714 92
18 0.1873762023735877 58
18 0.11505093838583266 69
18 0.16016482892242737 96
18 0.10462019326609057 94
18 0.421394141638858 29
18 0.0028249940180814226 117
18 0.0008375209380234506 198
18 0.7305996472663139 15
18 0.30686617793226295 65
18 0.0777120023091748 115
17 0.15830113001583446 89
17 0.6032679738562092 15
17 0.0033404928127956784 228
17 0.24554621848739497 48
17 0.1488715239790939 60
17 0.22493305956797904 70
17 0.05357115374843014 73
17 0.40448862471818 41
17 0.2042127945834634 72
17 0.19250613796969704 101
17 0.20201761092824416 92
17 0.06641832214587633 75
17 0.0021488495314723054 109
17 0.5833333333333334 12
17 0.3509585436830019 37
17 0.43964546602954907 34
16 0.5627798168015559 23
16 0.23663519616408044 73
16 0.12289395131432802 73
16 0.05730257504103907 69
16 0.3333333333333333 30
16 0.025934194963064226 115
16 0.28736219231502247 53
16 0.22893202052338474 89
16 0.37037037037037035 27
16 0.0691401341917397 109
16 0.21297416436175765 65
16 0.5810603529249758 30
16 0.284963768115942 45
16 0.39811248495459023 38
15 0.001904761904761905 104
15 0.40828577606710986 49
15 0.15550836105626425 85
15 0.33898007939090696 63
15 0.2410345146959724 59
15 0.17519324175825454 114
15 0.3370091185410334 49
15 0.05339692675817991 106
15 0.6153846153846154 13
15 0.00985051099817768 101
15 0.0011343442404894918 175
15 0.02320427552324589 126
15 0.1813645915702796 95
15 0.15002138639445795 119
15 0.35714285714285715 28
15 0.1466808508152391 144
15 0.25218811629337945 76
14 0.33250615187946725 54
14 0.5925324675324675 21
14 0.45907140907140903 35
14 0.6363636363636364 11
14 0.16383000563404806 135
14 0.5835913312693499 18
14 0.46648581822605933 41
14 0.012673309572797217 78
14 0.2500502944264199 85
14 0.24153309377189977 65
14 0.1882992146072345 123
14 0.058127889526364905 147
14 0.044967548242592255 92
14 0.30391851735645586 71
14 0.23319642247169717 79
14 0.13155560699148455 88
14 0.021775989060355636 104
14 0.0044420127093625 112
14 0.5625 16
14 0.21468984146436143 107
14 0.701015406162465 20
14 0.2955908612973063 58
14 0.3788993074707361 36
14 0.16891199517781796 79
13 0.20796414538808047 85
13 0.07136208766266315 103
13 0.1686198926243174 111
13 0.004789829337382635 145
13 0.026666519521570013 121
13 0.09067964906700207 106
13 0.10282735351560707 117
13 0.18132355993624244 130
13 0.20724794044933958 97
13 0.37674326686484744 47
13 0.2517605201815728 55
13 0.30187254605859254 43
13 0.41109539969834086 34
13 0.3015464856154688 51
12 0.20027586662344055 69
12 0.07643534026866225 183
12 0.75 12
12 0.11949639586986167 58
12 0.21479804248271772 101
12 0.07372730499747072 120
12 0.13063328401565036 141
12 0.002579010137149672 128
12 0.3598796671165092 38
12 0.21196951053366786 80
12 0.13030916447602522 111
12 0.5272220231459362 22
12 0.04017078604423562 153
12 0.16020682632365837 152
12 0.6666666666666666 12
12 0.0981948336358313 131
12 0.4446291735084839 29
11 0.6201750423489554 23
11 0.16969720060652244 124
11 0.4050973176628702 57
11 0.4326557568202119 44
11 0.23356664220843343 93
11 0.27884698957544013 62
11 0.14033020853539854 126
11 0.20740066450042313 112
11 3.0 1
11 0.09976524979904067 186
11 0.5530303030303031 18
11 0.8825757575757575 8
11 0.3624445839591855 57
11 0.5714285714285714 14
11 0.11119940066142758 125
11 0.04848359701625764 159
10 0.12883996707245868 132
10 0.18636446886446886 64
10 0.06028091671467896 124
10 0.003303066192920121 151
10 0.4367385198964146 38
10 0.06948300108782181 99
10 0.3205690757011047 59
10 0.18376754982519516 89
10 0.496 24
10 0.27271060939948344 78
10 0.0488272042737576 112
10 0.08312711800171133 172
10 0.1395353940774898 157
10 0.05130529401848877 116
10 0.1756580326744319 105
10 0.460786879515554 50
9 0.08792557730660228 155
9 0.6794590643274854 18
9 0.013647555305108349 138
9 0.6456656346749227 17
9 0.28721552034592174 80
9 0.381615234696444 54
9 0.0 141
9 0.07024333115962074 197
9 0.258086019083957 96
9 0.4736135526220915 31
9 0.15418779191197513 108
9 0.08296093723051644 125
9 0.7925925925925926 9
9 0.36180660298307354 50
9 0.18241242036522862 118
9 1.3333333333333333 3
9 0.11569688290212232 128
9 0.14426876289396898 104
9 0.3534120980418903 68
9 0.13221553056924634 165
8 0.5409124460595048 35
8 0.6183882189239333 48
8 0.04016383389608802 164
8 0.8276515151515151 11
8 0.0017175652465334507 218
8 0.005959454488866253 188
8 0.09461738459090342 148
8 0.8114233193277312 16
8 0.14691843182598932 114
8 0.11734981367401807 170
7 0.08692476263779128 205
7 0.749975588321453 20
7 0.041743559798189965 136
7 0.1950491975193442 137
7 0.10361970744112518 161
7 0.010583920996740088 202
7 1.6666666666666667 3
7 0.02505135202476829 171
7 0.09835302400094666 122
7 0.1851574773575293 174
7 0.25115163182096045 115
7 0.0 208
7 0.30889271371199084 83
7 0.1628814331250747 140
7 0.16694080080481827 167
6 0.14068135846718907 304
6 0.35329535737926526 80
6 0.03629782775909537 142
6 0.22827402836546581 148
6 0.022938840981654437 109
6 0.14628357832026398 186
6 0.1421877561590469 241
6 0.24236690287564797 102
6 0.1519480880840549 234
6 0.03862686586797504 211
6 0.3446481872131059 137
6 0.7272727272727272 11
6 0.002564102564102564 194
6 0.1234714773499672 195
6 1.25 4
6 0.08640291307154135 218
6 0.2782822916840136 101
6 0.18603454794406815 157
6 0.12554108843697084 211
6 0.389755098832425 77
6 0.3290452444028881 91
5 1.1369047619047619 7
5 0.12304305624938472 152
5 0.011107276139525854 304
5 0.07833751802719138 163
5 0.1808332275326851 146
5 0.1773695242490036 223
5 0.16444866077716758 182
5 0.9072727272727272 10
5 0.4250676406926407 64
5 0.2807663833832497 92
5 0.2506471576286602 166
5 0.42903175530878623 59
5 0.09461893252096362 226
5 0.152471671357773 279
5 0.13079257691179969 313
5 0.23693188575098828 133
5 0.23989052045848328 125
5 0.6197725150666328 34
5 0.16470908632586762 204
5 0.16489576315896626 271
5 0.13651545878118398 533
5 0.13476509116812124 558
5 0.3262769440851633 74
5 0.1384804725320266 250
5 0.1628483397376431 213
5 0.005853658536585366 204
5 0.14285083437265447 177
5 0.23953158640970437 137
5 0.7753267973856209 18
5 0.1568282835481638 210
5 0.13174779710541934 148
5 0.047589926370549235 181
5 0.12603415063064768 359
4 0.08817786619510758 232
4 0.1036262877047577 239
4 0.034397273504581556 232
4 0.10515159436219791 399
4 0.15978295454246638 197
4 0.32058638300124365 152
4 0.21433385568947505 208
4 0.18025951924583555 190
4 0.13464224997355556 412
4 0.0007692307692307692 328
4 0.39201902748414374 44
4 0.2243517949518844 238
4 0.1089011362358612 342
4 0.23491101495548078 156
4 0.22244302289817916 118
4 0.8647642679900744 29
4 0.0020408163265306124 246
4 0.010938192290651308 183
4 0.1673388127052522 361
4 0.5119357268747513 41
4 0.20224848584257576 197
4 0.27315486852671056 132
4 2.5 2
4 0.3198750439036363 122
4 0.5073593073593073 34
4 0.9303490627020039 14
4 0.12300245432771835 229
3 0.17493393065912147 261
3 0.04453839627137162 239
3 0.08913715937986914 411
3 0.303129074315515 117
3 0.2827466393255867 112
3 0.6428571428571429 14
3 0.23570228626208867 437
3 0.9126984126984127 23
3 0.31654772391664215 146
3 0.19445949250418523 178
3 0.1722721718749716 286
3 0.26910408432147565 251
3 0.732320646299141 28
3 0.0 237
3 0.5455172846477194 44
3 0.11971076274850341 203
3 0.09633570991940642 328
3 0.04882473314529064 245
3 0.13920601767350121 581
3 0.14799849273533483 263
3 0.18405247233727562 275
3 1.3916666666666666 6
3 0.1878960025920701 374
3 4.0 1
3 0.13562684228006808 221
3 0.07925675803492045 264
3 0.037813042400198366 220
3 0.3240428234440211 165
3 0.11177551643723538 477
3 0.0 259
3 0.23859531296109737 180
3 0.05061476230525852 204
3 0.16435016248207251 428
3 0.04764951504457302 273
3 0.12111406387979441 289
3 1.2 5
3 0.19426172969958466 336
3 0.15125042893860524 637
3 0.1762820512820513 312
2 0.43630620041140167 82
2 0.3248814677386106 98
2 0.6994047619047619 45
2 0.0 808
2 0.1697098436228871 297
2 0.08895398796968987 253
2 0.12556487125742744 322
2 1.0839160839160837 12
2 0.039822321622713014 439
2 0.37108588170664714 128
2 0.02249742796553824 378
2 0.0 505
2 7.0 1
2 1.3333333333333333 12
2 0.05010098909911783 259
2 0.05839002267573696 291
2 0.13325411701700363 386
2 0.19636089975073026 410
2 0.4444444444444444 90
2 0.2644157369348209 261
2 0.16304347826086957 230
2 0.12798598041622344 605
2 0.13717085057545586 703
2 0.10563008742839916 431
2 0.06690472647919457 284
2 0.22173058013765978 225
2 0.09591836734693877 245
2 0.36881868131868134 89
2 0.043886942192026934 410
2 0.26297892720306515 144
2 0.14277141298417895 613
2 0.13272140236996466 942
2 0.16032608695652173 368
2 0.0855455809952598 467
2 0.14357031857031857 717
2 0.19964001225490197 255
2 0.10259103641456582 307
2 0.24016961169284468 191
1 0.10235131396957123 723
1 0.5535714285714286 224
1 0.14764397905759163 955
1 0.2640845070422535 284
1 0.04011461318051576 349
1 0.10583941605839416 274
1 1.5714285714285714 7
1 0.1414441147378833 1011
1 11.0 1
1 0.11649214659685864 764
1 0.05519480519480519 616
1 0.02355072463768116 552
1 5.0 1
1 0.4560327198364008 489
1 0.17578125 512
1 0.3364485981308411 107
1 0.004804392587508579 1457
1 1.0 36
1 0.0 272
1 0.5 52
1 0.0 566
1 0.145 1400
1 0.5223880597014925 67
1 0.135678391959799 597
1 0.22822822822822822 333
1 1.0 22
1 0.4745762711864407 59
1 0.09418837675350701 499
1 0.0 999
1 0.0 853
1 0.15258855585831063 734
1 0.0 864
1 0.23404255319148937 423
1 0.0 313
1 1.75 4
1 0.2027491408934708 291
1 0.14212548015364918 781
1 0.32786885245901637 244
1 0.12566844919786097 748
1 0.022023809523809525 1680
1 0.0 451
1 0.0015267175572519084 655
1 0.14658385093167703 805
1 0.2958963282937365 463
1 0.008691206543967281 1956
1 0.062111801242236024 322
1 0.0391304347826087 460
1 0.12583412774070543 1049
1 0.2148936170212766 470
1 0.1950354609929078 564
1 0.03038674033149171 362
1 0.13445378151260504 1071
1 0.9354838709677419 31
1 0.007017543859649123 285
1 1.8888888888888888 9
1 5.333333333333333 3
1 0.07771260997067449 682
1 0.10194730813287514 873
1 1.4285714285714286 14
1 0.07277628032345014 742
1 0.026022304832713755 538
1 0.22397476340694006 317
1 0.22878228782287824 271
1 0.11372549019607843 510
1 0.5972222222222222 72
1 0.19375 640
1 0.009615384615384616 416
1 0.09116809116809117 702
1 0.11120996441281139 1124
1 0.45588235294117646 136
1 0.17974683544303796 395
1 0.15730337078651685 445
1 1.2857142857142858 14
1 0.0 716
1 0.012048192771084338 747
1 0.0 948
1 0.2626728110599078 217
1 0.0 696
1 0.14968553459119496 795
1 0.5903614457831325 83
1 0.1126005361930295 373
1 0.12422360248447205 644
1 0.16880341880341881 468
1 0.16514954486345904 769
1 0.13653136531365315 813
