robl cl_ratio count
0.013621221405317505 0.04275412694049686 973
0.02493178554387543 0.2936606409806788 662
0.020803582732677014 0.48921702393790123 155
0.025456946308124343 0.08392856730756104 2468
0.08330698438625585 0.14137936643735563 2432
0.028519490908597178 0.1726167498700977 1841
0.26339515538385494 0.3259211193233374 378
0.12363120904280303 0.2974816504254432 889
0.08975156539748477 0.6264985657154825 83
0.322467937435843 0.4447738297574729 193
0.1668479427693397 0.2136078014089765 862
0.021643816745790394 0.40254015140942073 267
0.10693099548065378 0.20771517758321517 2082
0.1396230307501779 0.4147560753441448 326
0.32178967510532497 1.1656242243609616 13
0.013004719403834063 0.7437645055145945 47
0.017484821378467262 0.6595931591313888 59
0.1429438616938617 1.2631604506604506 4
0.015509259259259259 1.0091349902534112 9
0.0 1.249612887112887 8
0.6037542623068939 0.6962526224587626 18
0.4986556292819909 0.6604127195291201 27
0.43959984291506726 0.5398072665997258 46
0.2094647241823495 0.35448352830150537 488
0.01197480425421602 0.8336960339919809 37
0.0 1.3399456548353608 8
0.0 2.0 1
0.10524863617268063 0.8241831298643866 31
0.3540409589642042 0.5341856417282955 87
0.13865301365301366 1.5128871128871129 5
0.17362304177786797 0.8201252094060246 29
0.2857142857142857 2.5238095238095237 1
0.5336700336700336 2.476430976430976 3
0.2800533043734006 0.6324317172568896 73
0.17266747590933043 0.9919586866101424 14
0.536308448681117 0.5749118359175637 14
0.006722689075630252 1.146462794097065 14
0.17085999761752263 0.5046048755416301 185
0.125 2.625 1
0.09148195949583264 0.5341380392470735 151
0.3940829708649677 0.6668008853550157 38
0.26678940945536767 0.5362648334966772 133
0.0 2.5 2
0.35914323469351556 0.4074136884242517 107
0.460720944545473 0.8659944077173538 16
0.41948580278099734 1.0346455914343025 9
0.3489480171981893 0.8396409411871493 26
0.0 4.0 1
0.5 1.2638888888888888 2
0.009615384615384616 1.6905178155178155 4
0.1889874578597637 0.6060812132929453 88
1.0 2.8 1
0.25 3.0 1
0.21680457473560916 1.1933876468359226 13
0.08333333333333333 2.0 1
1.0 1.75 1
0.6654545454545454 1.2074747474747476 5
0.593519017293527 0.8475794448833663 9
0.007936507936507936 1.4292755991285404 6
0.0 31.0 1
0.0 20.5 1
0.31575121103153136 1.0135233918128654 8
0.6444444444444444 1.2999999999999998 3
0.3258790228986927 0.7102374937707912 37
0.7506868131868132 0.9807692307692308 4
1.0 1.2222222222222223 1
0.7509157509157509 0.8754578754578755 3
2.0 2.5 1
1.0714285714285714 1.1428571428571428 1
0.2559413081287559 0.7438324133516637 34
3.5 4.0 1
0.2420681592089685 0.4499616265738214 200
0.5 3.0 1
0.5087301587301587 1.0041666666666667 8
0.6580952380952381 1.0 5
0.5102857142857143 1.4594285714285715 5
0.3666666666666667 2.0 2
0.4852941176470588 2.0294117647058822 2
0.5166666666666666 1.9666666666666668 2
1.0 1.0 1
0.4951324567735159 0.7398830858388961 21
1.5 2.5 1
0.28618270572647003 1.1066975977266311 12
0.28428666152451315 1.4130620847372766 6
0.38169934640522873 2.3091503267973854 3
0.256578947368421 2.026315789473684 2
0.516798418972332 2.199044795783926 4
0.4 2.2 1
0.5 2.8166666666666664 2
1.25 1.5 1
0.7198275862068966 0.7370689655172413 2
0.8333333333333334 1.1666666666666667 1
0.2714703425229741 1.7910192147034252 5
0.7386363636363636 1.2159090909090908 2
1.5 2.0 1
0.024890537586178308 0.5681178192349835 83
0.5773809523809523 1.4226190476190477 2
0.2543971412773963 0.9355065598150706 19
0.420982901776459 0.4700719155269613 36
0.7 5.0 2
0.5454545454545454 2.6363636363636362 1
0.12022608691466438 1.0483444961640362 16
0.15110215741308072 0.8894326802171658 24
0.0 9.0 1
0.3436834733893558 1.488235294117647 5
0.11688311688311688 2.279220779220779 2
0.6657219251336899 2.81288770053476 5
1.8 2.4 1
0.7264705882352941 2.8715073529411765 4
0.129985754985755 1.3386752136752136 3
0.7777777777777778 2.7777777777777777 1
0.7142857142857143 2.2857142857142856 1
0.5827450980392158 1.5694117647058825 3
0.3587164750957854 1.2311781609195402 4
0.8181818181818182 2.212121212121212 1
0.4703703703703703 1.137037037037037 3
0.0 3.3333333333333335 1
0.8273026315789473 2.973684210526316 2
0.6428571428571429 2.4285714285714284 1
1.25 3.125 1
0.8787878787878788 2.757575757575758 1
0.16074234330209414 0.7006236312179905 45
1.25 2.5 1
0.644345238095238 1.9508928571428572 4
0.6 3.0 1
0.0 2.645833333333333 2
0.0 2.3666666666666667 2
0.0 3.0 1
0.0 9.5 1
0.2771103896103896 1.5405844155844155 4
0.6666666666666666 3.111111111111111 1
0.1102971102971103 1.5674942341609006 3
0.4277056277056277 1.5722943722943723 3
0.1376114081996435 1.9167557932263815 3
0.0 1.5714285714285714 1
0.19379720231604866 0.2736015606688313 621
0.5 1.75 1
0.5292207792207793 1.4821428571428572 4
0.10054508801780594 0.9976239164696612 15
0.8333333333333334 1.8333333333333333 1
1.5 6.5 1
0.0 1.0961396546922861 6
0.40780297629676515 0.7536302775899049 14
0.8321678321678322 1.5804195804195804 2
0.13124999999999998 2.1104166666666666 4
1.0 1.6666666666666667 2
0.8 3.2 1
3.6666666666666665 4.666666666666667 1
2.3333333333333335 5.333333333333333 1
1.0 2.0 1
0.0 4.333333333333333 1
0.0 4.666666666666667 1
1.0 4.333333333333333 1
0.8571428571428571 0.8571428571428571 1
0.6470588235294118 3.235294117647059 1
1.5 3.5 1
0.7142857142857143 4.214285714285714 1
0.36944444444444446 1.347222222222222 3
0.25 2.875 1
0.0 5.666666666666667 1
0.35416666666666663 2.645833333333333 2
0.0 1.854775828460039 3
0.2 2.4 1
0.0 8.5 1
0.06809090975295744 0.35801308056221604 301
0.5 6.5 1
0.3333333333333333 1.6666666666666667 1
1.5 3.0 1
2.0 3.0 1
2.3333333333333335 2.3333333333333335 1
1.5 4.5 1
0.3333333333333333 5.0 1
0.35714285714285715 9.428571428571429 1
0.0 1.7321428571428572 2
0.1976190476190476 3.830952380952381 2
0.5 1.3333333333333333 1
0.8 2.0 1
0.75 5.25 1
0.20223372639248394 1.697344454031253 3
0.2327200577200577 1.3126863876863875 6
0.5 8.0 1
0.3333333333333333 6.0 1
0.0 5.0 1
0.5553766233766234 1.1702683982683983 5
0.0 16.5 1
0.16666666666666666 4.0 1
0.2 5.4 1
0.6 2.1 1
1.125 1.625 1
0.75 1.6666666666666667 1
0.575187969924812 1.1109022556390977 2
0.3333333333333333 7.0 1
0.0 7.5 1
0.0 12.5 1
0.0 6.5 1
0.0 2.8166666666666664 2
0.0 3.5 1
0.0 2.775 2
0.6444444444444444 0.8037037037037038 3
0.0 0.8889905244394409 5
0.0 2.1448412698412698 3
0.09722222222222221 1.1944444444444446 2
0.6666666666666666 6.0 1
0.0 11.0 1
0.9210526315789473 0.9473684210526315 1
0.0 7.666666666666667 1
0.5 3.75 1
0.2 1.6 1
0.1935483870967742 1.4193548387096775 1
0.1111111111111111 3.5555555555555554 1
0.25 11.666666666666666 1
0.6666666666666666 4.666666666666667 1
1.25 4.75 1
0.0 10.5 1
0.5 4.0 1
0.6 4.6 1
0.3333333333333333 3.6666666666666665 1
0.4 2.6 1
0.13333333333333333 2.533333333333333 1
0.0 2.25 1
0.75 1.5 1
