loc midx count
10.0 100 1
36.0 94 1
35.0 96 1
39.0 100 1
31.0 96 1
34.0 96 1
22.0 99 1
40.0 97 1
38.0 91 1
37.0 98 1
36.0 98 1
38.0 96 1
34.0 92 1
38.0 95 1
38.0 94 1
36.0 95 1
26.0 97 1
37.0 91 1
41.0 93 1
30.0 97 1
17.0 99 1
34.0 98 1
36.0 95 1
23.0 97 1
36.0 94 1
29.0 99 1
34.0 97 1
42.0 96 1
38.0 93 1
36.0 93 1
34.0 94 1
35.0 96 1
41.0 94 1
37.0 95 1
30.0 97 1
24.0 99 1
39.0 96 1
37.0 96 1
35.0 97 1
28.0 97 1
42.0 92 1
40.0 97 1
41.0 95 1
41.0 98 1
40.0 99 1
30.0 96 1
37.0 93 1
37.0 93 1
38.0 93 1
39.0 95 1
29.0 95 1
35.0 93 1
28.0 99 1
40.0 90 1
39.0 93 1
35.0 97 1
29.0 97 1
42.0 94 1
31.0 99 1
30.0 0 1
28.0 96 1
34.0 99 1
35.0 91 1
11.0 0 1
37.0 96 1
34.0 96 1
25.0 99 1
39.0 96 1
34.0 96 1
39.0 99 1
32.0 99 1
42.0 96 1
26.0 98 1
39.0 99 1
25.0 99 1
41.0 91 1
40.0 95 1
31.0 95 1
28.0 91 1
35.0 96 1
34.0 94 1
36.0 92 1
36.0 98 1
38.0 91 1
30.0 98 1
38.0 98 1
40.0 96 1
40.0 88 1
31.0 96 1
41.0 98 1
30.0 95 1
31.0 95 1
42.0 93 1
40.0 96 1
30.0 97 1
41.0 94 1
30.0 97 1
40.0 94 1
34.0 99 1
28.0 99 1
42.0 88 1
29.0 95 1
40.0 97 1
37.0 95 1
39.0 91 1
36.0 97 1
37.0 97 1
34.0 99 1
34.0 95 1
28.0 97 1
38.0 92 1
35.0 96 1
31.0 99 1
28.0 98 1
35.0 96 1
40.0 93 1
30.0 95 1
27.0 98 1
36.0 99 1
25.0 96 1
20.0 0 1
31.0 97 1
24.0 98 1
29.0 96 1
35.0 90 1
42.0 89 1
7.0 0 1
36.0 99 1
32.0 95 1
41.0 92 1
42.0 91 1
42.0 93 1
37.0 96 1
30.0 97 1
24.0 94 1
30.0 96 1
38.0 97 1
34.0 93 1
31.0 96 1
40.0 96 1
34.0 99 1
40.0 92 1
23.0 99 1
27.0 98 1
36.0 91 1
29.0 97 1
38.0 94 1
40.0 96 1
40.0 98 1
40.0 92 1
38.0 97 1
28.0 97 1
42.0 91 1
41.0 96 1
35.0 92 1
36.0 96 1
29.0 96 1
40.0 95 1
27.0 99 1
37.0 98 1
34.0 93 1
35.0 83 1
39.0 97 1
34.0 96 1
39.0 86 1
41.0 94 1
29.0 99 1
33.0 95 1
26.0 98 1
32.0 96 1
26.0 99 1
22.0 99 1
31.0 97 1
37.0 99 1
38.0 92 1
35.0 98 1
35.0 98 1
34.0 89 1
35.0 99 1
30.0 94 1
35.0 98 1
42.0 93 1
32.0 92 1
25.0 97 1
29.0 88 1
27.0 98 1
25.0 96 1
26.0 98 1
31.0 95 1
38.0 93 1
41.0 97 1
28.0 98 1
38.0 96 1
34.0 95 1
40.0 91 1
24.0 94 1
37.0 97 1
42.0 92 1
34.0 95 1
32.0 92 1
38.0 99 1
27.0 98 1
42.0 97 1
42.0 92 1
39.0 99 1
32.0 96 1
33.0 93 1
38.0 92 1
41.0 90 1
26.0 98 1
37.0 94 1
27.0 97 1
39.0 95 1
33.0 97 1
37.0 97 1
36.0 95 1
37.0 97 1
30.0 96 1
34.0 98 1
41.0 99 1
42.0 91 1
36.0 99 1
29.0 99 1
37.0 93 1
35.0 94 1
30.0 95 1
38.0 92 1
30.0 97 1
39.0 97 1
31.0 98 1
39.0 98 1
38.0 99 1
29.0 95 1
36.0 95 1
32.0 95 1
40.0 95 1
33.0 96 1
29.0 97 1
30.0 98 1
41.0 92 1
38.0 91 1
41.0 91 1
40.0 96 1
39.0 92 1
30.0 87 1
24.0 98 1
23.0 98 1
8.0 0 1
42.0 91 1
31.0 99 1
36.0 95 1
41.0 93 1
42.0 95 1
33.0 93 1
42.0 98 1
33.0 96 1
23.0 99 1
36.0 97 1
31.0 96 1
34.0 93 1
40.0 96 1
35.0 95 1
39.0 98 1
34.0 96 1
27.0 99 1
28.0 94 1
40.0 90 1
29.0 96 1
37.0 98 1
33.0 95 1
42.0 91 1
36.0 99 1
34.0 90 1
31.0 98 1
34.0 94 1
42.0 92 1
32.0 92 1
41.0 93 1
37.0 98 1
39.0 92 1
35.0 99 1
27.0 98 1
37.0 93 1
35.0 98 1
37.0 97 1
33.0 96 1
31.0 95 1
35.0 91 1
30.0 94 1
34.0 97 1
41.0 90 1
42.0 96 1
42.0 94 1
33.0 94 1
28.0 97 1
33.0 94 1
35.0 95 1
28.0 96 1
34.0 91 1
36.0 93 1
33.0 99 1
40.0 93 1
9.0 0 1
32.0 99 1
26.0 99 1
25.0 98 1
39.0 97 1
27.0 98 1
34.0 99 1
30.0 96 1
38.0 97 1
40.0 88 1
38.0 95 1
40.0 86 1
37.0 94 1
25.0 99 1
33.0 96 1
36.0 98 1
35.0 97 1
39.0 94 1
42.0 96 1
27.0 95 1
42.0 97 1
38.0 99 1
26.0 99 1
25.0 99 1
38.0 91 1
39.0 92 1
26.0 98 1
35.0 98 1
36.0 99 1
38.0 98 1
35.0 97 1
36.0 94 1
36.0 97 1
42.0 93 1
29.0 98 1
41.0 98 1
42.0 90 1
33.0 98 1
34.0 98 1
37.0 98 1
35.0 97 1
39.0 93 1
40.0 97 1
42.0 95 1
32.0 97 1
32.0 94 1
41.0 93 1
35.0 97 1
26.0 97 1
35.0 98 1
38.0 96 1
37.0 94 1
37.0 94 1
38.0 95 1
38.0 99 1
39.0 97 1
37.0 99 1
40.0 87 1
24.0 98 1
39.0 99 1
26.0 97 1
32.0 94 1
34.0 96 1
40.0 93 1
35.0 96 1
34.0 95 1
27.0 95 1
37.0 92 1
37.0 93 1
26.0 99 1
39.0 93 1
30.0 98 1
24.0 99 1
37.0 96 1
39.0 96 1
31.0 96 1
41.0 98 1
34.0 94 1
41.0 91 1
40.0 91 1
33.0 97 1
29.0 96 1
40.0 96 1
34.0 94 1
27.0 96 1
39.0 96 1
38.0 99 1
40.0 91 1
25.0 98 1
39.0 89 1
40.0 93 1
38.0 88 1
25.0 98 1
40.0 95 1
37.0 97 1
42.0 94 1
37.0 92 1
36.0 94 1
34.0 97 1
33.0 94 1
30.0 96 1
38.0 91 1
35.0 99 1
36.0 99 1
36.0 96 1
42.0 89 1
41.0 94 1
38.0 92 1
27.0 99 1
35.0 99 1
34.0 94 1
38.0 92 1
37.0 97 1
28.0 96 1
40.0 91 1
37.0 93 1
37.0 91 1
37.0 98 1
35.0 95 1
31.0 96 1
39.0 90 1
33.0 93 1
41.0 95 1
39.0 95 1
42.0 91 1
35.0 91 1
26.0 98 1
37.0 96 1
37.0 93 1
41.0 95 1
33.0 97 1
37.0 95 1
22.0 97 1
23.0 99 1
30.0 98 1
40.0 93 1
37.0 98 1
31.0 98 1
38.0 96 1
32.0 95 1
30.0 97 1
36.0 99 1
38.0 97 1
41.0 94 1
41.0 98 1
30.0 95 1
33.0 95 1
41.0 93 1
31.0 99 1
32.0 98 1
42.0 94 1
36.0 95 1
24.0 99 1
38.0 95 1
37.0 95 1
37.0 99 1
42.0 100 1
32.0 97 1
32.0 95 1
27.0 98 1
30.0 93 1
37.0 94 1
42.0 91 1
41.0 97 1
29.0 98 1
40.0 97 1
35.0 96 1
34.0 94 1
39.0 93 1
39.0 91 1
39.0 98 1
40.0 93 1
41.0 92 1
38.0 94 1
41.0 86 1
36.0 93 1
41.0 92 1
41.0 97 1
28.0 99 1
39.0 99 1
26.0 99 1
35.0 94 1
41.0 96 1
39.0 92 1
34.0 95 1
34.0 96 1
40.0 92 1
29.0 97 1
29.0 97 1
38.0 95 1
23.0 95 1
32.0 96 1
40.0 94 1
40.0 95 1
30.0 97 1
42.0 98 1
39.0 97 1
30.0 96 1
40.0 94 1
40.0 96 1
36.0 94 1
32.0 95 1
30.0 97 1
42.0 92 1
40.0 97 1
35.0 95 1
35.0 93 1
34.0 94 1
23.0 91 1
38.0 97 1
28.0 96 1
39.0 98 1
36.0 99 1
30.0 95 1
40.0 95 1
29.0 94 1
36.0 95 1
33.0 97 1
24.0 99 1
40.0 96 1
36.0 98 1
32.0 98 1
39.0 91 1
28.0 97 1
42.0 93 1
37.0 99 1
41.0 95 1
26.0 99 1
33.0 97 1
39.0 93 1
15.0 91 1
34.0 95 1
29.0 97 1
35.0 91 1
40.0 96 1
32.0 97 1
36.0 97 1
36.0 93 1
32.0 96 1
33.0 90 1
25.0 98 1
36.0 92 1
24.0 98 1
36.0 94 1
42.0 96 1
38.0 92 1
42.0 99 1
42.0 89 1
38.0 92 1
40.0 98 1
29.0 97 1
36.0 99 1
35.0 97 1
35.0 98 1
29.0 97 1
35.0 99 1
33.0 98 1
32.0 97 1
39.0 97 1
33.0 99 1
29.0 97 1
31.0 90 1
37.0 95 1
29.0 97 1
37.0 99 1
39.0 92 1
29.0 96 1
41.0 94 1
34.0 94 1
26.0 98 1
29.0 96 1
27.0 94 1
28.0 97 1
38.0 92 1
34.0 95 1
26.0 98 1
40.0 92 1
38.0 94 1
30.0 95 1
42.0 95 1
37.0 91 1
32.0 95 1
32.0 95 1
40.0 96 1
28.0 99 1
33.0 95 1
29.0 96 1
33.0 96 1
31.0 96 1
33.0 98 1
29.0 99 1
33.0 91 1
35.0 96 1
23.0 99 1
35.0 95 1
40.0 92 1
42.0 98 1
36.0 96 1
42.0 91 1
36.0 97 1
35.0 94 1
42.0 91 1
24.0 97 1
42.0 88 1
40.0 93 1
28.0 99 1
26.0 97 1
23.0 99 1
29.0 98 1
29.0 98 1
22.0 99 1
35.0 94 1
38.0 98 2
35.0 97 2
32.0 89 2
25.0 97 2
35.0 98 2
42.0 91 2
24.0 99 2
26.0 99 2
39.0 97 2
37.0 96 2
37.0 94 2
29.0 96 2
36.0 99 2
40.0 92 2
36.0 93 2
35.0 99 2
37.0 97 2
36.0 93 2
41.0 90 2
36.0 95 2
31.0 94 2
37.0 90 2
38.0 95 2
25.0 97 2
32.0 95 2
36.0 98 2
37.0 98 2
30.0 99 2
36.0 96 2
31.0 98 2
35.0 97 2
32.0 96 2
40.0 95 2
34.0 99 2
23.0 95 2
28.0 99 2
27.0 90 2
34.0 92 2
27.0 97 2
40.0 94 2
32.0 95 2
38.0 94 2
28.0 97 2
31.0 95 2
35.0 95 2
26.0 97 2
27.0 98 2
18.0 96 2
21.0 97 2
32.0 97 2
40.0 90 2
38.0 94 2
33.0 99 2
40.0 93 2
39.0 93 2
38.0 97 2
29.0 92 2
41.0 98 2
41.0 93 2
42.0 96 2
36.0 94 2
35.0 95 2
26.0 98 2
22.0 98 2
38.0 96 2
35.0 94 2
36.0 97 2
37.0 99 2
41.0 95 2
34.0 98 2
38.0 95 2
34.0 95 2
22.0 94 2
42.0 94 2
40.0 98 2
38.0 98 2
33.0 99 2
40.0 95 2
41.0 99 2
39.0 97 2
36.0 97 2
42.0 93 2
41.0 94 2
42.0 95 2
36.0 93 2
32.0 97 2
32.0 95 2
32.0 95 2
37.0 95 2
38.0 94 2
26.0 99 2
33.0 97 2
22.0 97 2
36.0 96 2
38.0 93 2
42.0 92 2
26.0 99 2
35.0 93 2
39.0 96 2
34.0 96 2
30.0 99 2
36.0 96 2
28.0 96 2
35.0 98 2
38.0 94 2
39.0 99 2
42.0 94 2
42.0 92 2
41.0 91 2
37.0 96 2
39.0 96 2
40.0 95 2
24.0 99 2
40.0 98 2
36.0 96 2
41.0 91 2
27.0 97 2
31.0 95 2
32.0 98 2
42.0 96 2
41.0 94 2
39.0 96 2
34.0 98 2
34.0 95 2
26.0 99 2
35.0 95 2
33.0 92 2
41.0 95 2
35.0 93 2
40.0 92 2
33.0 98 2
31.0 96 2
36.0 95 2
38.0 99 2
36.0 96 2
37.0 98 2
38.0 94 2
29.0 96 2
31.0 98 2
35.0 92 2
30.0 95 2
36.0 91 2
40.0 93 2
38.0 93 2
33.0 97 2
33.0 100 2
41.0 93 2
25.0 96 2
31.0 96 2
41.0 96 2
30.0 97 2
38.0 93 2
34.0 95 2
40.0 91 2
28.0 99 2
35.0 93 2
33.0 97 2
34.0 93 2
37.0 97 2
37.0 96 2
41.0 92 2
42.0 94 2
40.0 98 2
23.0 99 2
33.0 97 2
34.0 92 2
37.0 95 2
39.0 96 2
40.0 98 2
29.0 97 2
34.0 99 2
29.0 99 2
42.0 86 2
27.0 98 2
40.0 93 2
14.0 99 2
34.0 97 2
36.0 96 2
41.0 91 2
33.0 99 2
23.0 97 2
34.0 97 2
40.0 94 2
33.0 96 2
40.0 92 2
40.0 97 2
39.0 95 2
40.0 90 2
39.0 97 2
26.0 97 2
42.0 95 2
39.0 98 2
34.0 89 2
30.0 96 2
25.0 99 2
38.0 91 2
36.0 93 2
31.0 97 2
37.0 95 2
28.0 98 2
37.0 99 2
38.0 96 2
35.0 95 2
42.0 93 2
32.0 95 2
41.0 92 2
26.0 99 2
34.0 93 2
31.0 96 2
34.0 94 2
35.0 96 2
31.0 96 2
34.0 97 2
42.0 92 2
40.0 91 2
38.0 90 2
42.0 95 2
33.0 95 2
37.0 94 2
35.0 97 2
37.0 92 2
33.0 95 2
36.0 96 2
37.0 96 2
41.0 93 2
38.0 98 2
38.0 97 2
34.0 0 2
37.0 87 2
17.0 95 2
39.0 93 2
34.0 95 2
37.0 94 2
27.0 97 2
40.0 92 2
36.0 93 2
34.0 93 2
31.0 98 2
27.0 99 2
34.0 93 2
28.0 97 2
35.0 99 2
40.0 92 2
35.0 98 2
42.0 94 2
35.0 94 2
38.0 93 2
40.0 96 2
27.0 97 2
35.0 97 2
33.0 98 2
31.0 99 2
36.0 98 2
32.0 97 2
39.0 96 2
19.0 0 2
39.0 96 2
28.0 94 2
36.0 95 2
34.0 97 2
33.0 95 2
36.0 97 2
41.0 95 2
39.0 96 2
38.0 93 2
26.0 98 2
42.0 92 2
38.0 91 2
39.0 92 2
30.0 98 2
37.0 97 2
32.0 94 2
35.0 95 2
30.0 96 2
34.0 94 2
37.0 94 2
35.0 97 2
33.0 96 2
40.0 98 2
22.0 98 2
33.0 92 2
29.0 99 2
25.0 99 2
25.0 99 2
30.0 96 2
39.0 93 2
41.0 94 2
34.0 99 2
30.0 99 2
27.0 98 2
26.0 98 2
37.0 99 2
29.0 94 2
37.0 94 2
34.0 95 2
38.0 92 2
39.0 94 2
36.0 99 2
35.0 97 2
30.0 99 2
35.0 99 2
26.0 99 2
35.0 97 2
29.0 97 2
35.0 99 2
35.0 96 2
36.0 97 2
38.0 98 2
31.0 97 2
41.0 90 2
41.0 95 2
32.0 93 2
37.0 89 2
30.0 96 2
29.0 97 2
24.0 94 2
30.0 97 2
40.0 89 2
38.0 96 2
30.0 97 2
35.0 99 2
33.0 91 2
35.0 99 2
36.0 95 2
25.0 96 2
27.0 99 2
38.0 98 2
36.0 94 2
39.0 97 2
39.0 92 2
28.0 98 2
41.0 91 2
27.0 99 2
38.0 96 2
33.0 99 2
35.0 94 2
40.0 92 2
30.0 96 2
37.0 92 2
38.0 92 2
30.0 98 2
35.0 99 2
36.0 99 2
25.0 98 2
38.0 96 2
33.0 99 2
32.0 97 2
26.0 98 2
33.0 99 2
27.0 96 2
34.0 98 2
33.0 99 2
41.0 97 2
35.0 99 2
39.0 98 2
38.0 98 2
40.0 94 2
37.0 93 2
41.0 96 2
40.0 92 2
37.0 95 2
35.0 96 2
31.0 96 2
29.0 97 2
23.0 97 2
37.0 99 2
41.0 95 2
41.0 89 2
37.0 98 2
36.0 93 2
34.0 94 2
32.0 95 2
38.0 98 2
42.0 97 2
41.0 97 2
31.0 95 2
28.0 99 2
41.0 98 2
29.0 98 2
38.0 93 2
37.0 96 2
38.0 98 2
37.0 98 2
39.0 93 2
38.0 98 2
39.0 92 2
29.0 96 2
39.0 95 2
32.0 98 2
31.0 95 2
38.0 96 2
36.0 98 2
35.0 94 2
33.0 97 2
35.0 94 2
34.0 99 2
37.0 95 2
41.0 93 2
37.0 98 2
29.0 94 2
41.0 99 2
33.0 99 2
42.0 95 2
38.0 99 2
37.0 96 2
32.0 94 2
32.0 93 2
42.0 99 2
35.0 95 2
40.0 98 2
35.0 99 3
35.0 97 3
35.0 100 3
35.0 97 3
33.0 99 3
38.0 93 3
38.0 94 3
35.0 95 3
40.0 97 3
28.0 95 3
42.0 97 3
34.0 99 3
42.0 95 3
39.0 95 3
38.0 94 3
30.0 98 3
40.0 98 3
41.0 93 3
35.0 99 3
28.0 97 3
38.0 98 3
37.0 93 3
42.0 91 3
33.0 97 3
42.0 94 3
22.0 99 3
32.0 98 3
23.0 98 3
39.0 94 3
37.0 94 3
36.0 95 3
37.0 96 3
29.0 97 3
42.0 91 3
28.0 98 3
34.0 99 3
39.0 94 3
25.0 95 3
41.0 94 3
41.0 90 3
42.0 97 3
30.0 94 3
33.0 96 3
38.0 97 3
35.0 99 3
27.0 96 3
32.0 99 3
34.0 93 3
38.0 95 3
23.0 97 3
42.0 92 3
33.0 96 3
39.0 98 3
36.0 98 3
24.0 99 3
36.0 97 3
23.0 99 3
31.0 96 3
30.0 97 3
27.0 99 3
41.0 92 3
37.0 95 3
39.0 97 3
33.0 98 3
30.0 98 3
30.0 98 3
41.0 91 3
27.0 99 3
40.0 94 3
35.0 95 3
34.0 96 3
42.0 94 3
35.0 98 3
40.0 93 3
34.0 95 3
41.0 96 3
34.0 96 3
37.0 98 3
42.0 94 3
39.0 98 3
27.0 96 3
35.0 99 3
40.0 97 3
29.0 95 3
36.0 97 3
32.0 97 3
28.0 98 3
40.0 98 3
38.0 93 3
31.0 97 3
33.0 95 3
41.0 95 3
29.0 99 3
33.0 94 3
31.0 98 3
32.0 97 3
34.0 96 3
36.0 98 3
36.0 98 3
38.0 96 3
34.0 99 3
29.0 99 3
38.0 96 3
38.0 96 3
28.0 98 3
25.0 99 3
37.0 97 3
33.0 99 3
41.0 94 3
36.0 94 3
30.0 98 3
42.0 93 3
32.0 97 3
36.0 93 3
39.0 93 3
31.0 92 3
38.0 98 3
31.0 96 3
37.0 93 3
30.0 99 3
26.0 98 3
42.0 92 3
34.0 94 3
37.0 95 3
38.0 96 3
38.0 93 3
40.0 96 3
42.0 94 3
36.0 94 3
39.0 96 3
37.0 94 3
34.0 95 3
36.0 95 3
36.0 93 3
27.0 95 3
39.0 93 3
34.0 96 3
37.0 95 3
39.0 94 3
32.0 96 3
24.0 98 3
35.0 98 3
33.0 98 3
39.0 90 3
40.0 90 3
39.0 97 3
36.0 99 3
38.0 98 3
29.0 96 3
39.0 93 3
35.0 96 3
42.0 92 3
32.0 93 3
35.0 92 3
38.0 95 3
40.0 97 3
34.0 98 3
28.0 99 3
32.0 95 3
42.0 97 3
37.0 95 3
41.0 97 3
39.0 99 3
39.0 97 3
40.0 93 3
32.0 97 3
34.0 96 3
39.0 94 3
41.0 92 3
26.0 96 3
26.0 97 3
31.0 99 3
41.0 95 3
34.0 96 3
40.0 93 3
33.0 96 3
39.0 93 3
30.0 97 3
23.0 99 3
33.0 94 3
35.0 95 3
29.0 95 3
32.0 96 3
39.0 98 3
40.0 92 3
32.0 94 3
36.0 98 3
29.0 97 3
35.0 95 3
39.0 95 3
39.0 97 3
35.0 97 3
15.0 0 3
38.0 95 3
36.0 98 3
38.0 95 3
30.0 98 3
36.0 96 3
24.0 99 3
21.0 99 3
40.0 94 3
27.0 99 3
35.0 95 3
30.0 96 3
42.0 91 3
32.0 96 3
32.0 98 3
42.0 93 3
42.0 95 3
31.0 96 3
33.0 96 3
30.0 99 3
27.0 98 3
26.0 99 3
30.0 96 3
28.0 97 3
28.0 98 3
39.0 98 3
25.0 99 3
34.0 97 3
34.0 99 3
25.0 94 3
38.0 94 3
27.0 98 3
35.0 96 3
31.0 92 3
31.0 95 3
22.0 99 3
42.0 93 3
34.0 96 3
26.0 99 3
40.0 94 3
27.0 97 3
31.0 97 3
34.0 98 3
36.0 93 3
33.0 97 3
26.0 98 3
41.0 94 3
36.0 95 3
33.0 96 3
35.0 99 3
36.0 98 3
28.0 98 3
41.0 94 3
42.0 94 3
35.0 95 3
40.0 96 3
36.0 93 3
32.0 99 3
38.0 95 3
39.0 92 3
28.0 99 3
31.0 97 3
39.0 96 3
37.0 98 3
31.0 98 3
32.0 97 3
26.0 99 3
35.0 93 3
42.0 92 3
38.0 95 3
34.0 97 3
41.0 96 3
32.0 95 3
39.0 94 3
39.0 95 3
39.0 96 3
40.0 94 3
27.0 99 3
42.0 93 3
40.0 91 3
36.0 97 3
30.0 96 3
38.0 94 3
33.0 99 3
35.0 93 3
35.0 98 3
38.0 95 3
40.0 93 3
32.0 99 3
24.0 98 3
33.0 96 3
35.0 91 3
38.0 95 3
24.0 95 3
32.0 96 3
35.0 96 3
39.0 91 3
41.0 95 3
32.0 96 3
31.0 97 3
36.0 94 3
37.0 96 3
26.0 99 3
34.0 98 3
33.0 99 3
42.0 97 3
34.0 98 3
34.0 96 3
31.0 97 3
42.0 94 3
35.0 98 3
40.0 95 3
31.0 96 3
42.0 96 3
33.0 98 3
41.0 94 3
32.0 95 3
38.0 95 3
36.0 96 3
31.0 96 3
37.0 98 3
32.0 96 3
30.0 99 3
9.0 100 4
24.0 100 4
11.0 100 4
6.0 100 4
28.0 97 4
34.0 99 4
31.0 98 4
30.0 96 4
29.0 95 4
30.0 99 4
39.0 91 4
35.0 95 4
38.0 93 4
41.0 99 4
19.0 99 4
40.0 95 4
35.0 96 4
40.0 95 4
37.0 99 4
39.0 98 4
39.0 93 4
42.0 98 4
37.0 94 4
38.0 97 4
42.0 97 4
33.0 99 4
33.0 99 4
34.0 97 4
38.0 90 4
36.0 94 4
34.0 99 4
42.0 96 4
29.0 96 4
35.0 97 4
40.0 94 4
33.0 96 4
41.0 94 4
39.0 95 4
42.0 92 4
27.0 99 4
41.0 94 4
38.0 97 4
40.0 96 4
36.0 98 4
20.0 99 4
25.0 94 4
37.0 93 4
38.0 92 4
29.0 97 4
30.0 99 4
42.0 96 4
37.0 94 4
33.0 96 4
24.0 99 4
38.0 98 4
40.0 96 4
42.0 94 4
42.0 98 4
30.0 95 4
39.0 92 4
35.0 93 4
24.0 99 4
40.0 95 4
27.0 99 4
39.0 98 4
39.0 97 4
28.0 96 4
39.0 95 4
19.0 97 4
42.0 92 4
42.0 92 4
33.0 96 4
34.0 95 4
35.0 99 4
34.0 96 4
42.0 94 4
33.0 96 4
33.0 93 4
37.0 94 4
33.0 98 4
40.0 93 4
39.0 94 4
41.0 94 4
35.0 93 4
25.0 99 4
42.0 93 4
33.0 97 4
35.0 99 4
36.0 99 4
25.0 99 4
32.0 96 4
39.0 90 4
40.0 94 4
40.0 99 4
36.0 95 4
28.0 99 4
39.0 94 4
33.0 98 4
26.0 98 4
36.0 97 4
38.0 93 4
36.0 96 4
32.0 99 4
34.0 98 4
40.0 93 4
37.0 99 4
40.0 95 4
33.0 99 4
31.0 98 4
34.0 95 4
39.0 93 4
41.0 96 4
30.0 99 4
35.0 98 4
35.0 94 4
37.0 96 4
30.0 96 4
32.0 97 4
36.0 96 4
37.0 94 4
25.0 98 4
31.0 96 4
41.0 94 4
40.0 95 4
40.0 94 4
26.0 92 4
38.0 95 4
37.0 99 4
30.0 96 4
31.0 97 4
26.0 98 4
34.0 95 4
17.0 93 4
36.0 94 4
30.0 99 4
42.0 95 4
24.0 98 4
30.0 98 4
36.0 97 4
27.0 98 4
31.0 99 4
33.0 92 4
30.0 98 4
33.0 99 4
31.0 99 4
32.0 95 4
36.0 95 4
37.0 97 4
27.0 99 4
42.0 93 4
36.0 99 4
35.0 97 4
31.0 95 4
40.0 97 4
32.0 96 4
41.0 91 4
31.0 96 4
42.0 95 4
30.0 99 4
31.0 99 4
28.0 97 4
32.0 95 4
35.0 97 4
41.0 89 4
41.0 95 4
39.0 97 4
30.0 98 4
40.0 90 4
31.0 98 4
27.0 99 4
32.0 95 4
32.0 99 4
41.0 96 4
39.0 96 4
41.0 94 4
38.0 94 4
37.0 95 4
27.0 98 4
37.0 95 4
41.0 90 4
38.0 97 4
30.0 98 4
39.0 98 4
42.0 93 4
41.0 95 4
36.0 98 4
31.0 99 4
32.0 97 4
41.0 96 4
40.0 94 4
40.0 96 4
33.0 97 4
30.0 97 4
28.0 99 4
36.0 99 4
29.0 96 4
32.0 96 4
37.0 96 4
40.0 92 4
37.0 98 4
39.0 94 4
29.0 98 4
35.0 94 4
38.0 97 4
39.0 94 4
33.0 98 4
37.0 87 4
37.0 94 4
39.0 94 4
27.0 99 4
31.0 97 4
32.0 98 4
33.0 97 4
33.0 96 4
33.0 98 4
41.0 92 4
37.0 88 4
36.0 94 4
40.0 95 4
39.0 99 4
31.0 98 4
33.0 97 4
42.0 93 4
39.0 94 4
41.0 94 4
39.0 96 4
37.0 92 4
39.0 95 4
30.0 97 4
32.0 98 4
39.0 93 4
39.0 92 4
34.0 97 4
37.0 94 4
24.0 99 4
34.0 97 4
40.0 97 4
33.0 99 4
32.0 99 4
32.0 94 4
31.0 99 4
37.0 95 4
37.0 99 4
40.0 94 4
34.0 97 4
39.0 91 4
13.0 100 5
18.0 100 5
25.0 99 5
35.0 97 5
40.0 100 5
42.0 99 5
29.0 98 5
38.0 95 5
35.0 94 5
38.0 94 5
27.0 98 5
31.0 99 5
39.0 93 5
33.0 94 5
36.0 96 5
30.0 98 5
38.0 92 5
41.0 91 5
33.0 95 5
32.0 97 5
29.0 98 5
33.0 95 5
38.0 96 5
32.0 97 5
40.0 93 5
35.0 95 5
38.0 96 5
41.0 96 5
33.0 96 5
29.0 99 5
39.0 94 5
38.0 97 5
32.0 99 5
41.0 95 5
35.0 94 5
42.0 92 5
28.0 98 5
37.0 94 5
35.0 96 5
39.0 96 5
29.0 98 5
30.0 98 5
24.0 99 5
40.0 95 5
30.0 99 5
39.0 96 5
39.0 95 5
41.0 96 5
24.0 98 5
36.0 96 5
32.0 98 5
37.0 99 5
41.0 96 5
25.0 97 5
35.0 99 5
38.0 97 5
40.0 97 5
31.0 97 5
27.0 99 5
37.0 92 5
36.0 94 5
33.0 98 5
35.0 95 5
40.0 98 5
34.0 98 5
37.0 98 5
37.0 95 5
30.0 97 5
35.0 95 5
33.0 98 5
31.0 98 5
42.0 94 5
32.0 96 5
35.0 95 5
29.0 98 5
35.0 96 5
39.0 94 5
36.0 97 5
36.0 94 5
23.0 98 5
38.0 98 5
31.0 99 5
42.0 93 5
27.0 96 5
35.0 99 5
39.0 96 5
26.0 98 5
35.0 97 5
39.0 96 5
29.0 99 5
37.0 93 5
29.0 98 5
35.0 95 5
34.0 96 5
39.0 95 5
39.0 95 5
35.0 92 5
34.0 97 5
38.0 96 5
36.0 98 5
32.0 98 5
39.0 93 5
38.0 95 5
36.0 97 5
28.0 99 5
32.0 97 5
40.0 95 5
39.0 99 5
33.0 96 5
27.0 99 5
33.0 96 5
35.0 97 5
42.0 92 5
28.0 99 5
39.0 94 5
35.0 95 5
34.0 98 5
33.0 97 5
30.0 98 5
29.0 98 5
42.0 97 5
39.0 95 5
33.0 95 5
35.0 96 5
38.0 95 5
26.0 99 5
28.0 99 5
30.0 99 5
24.0 99 5
36.0 94 5
33.0 98 5
34.0 98 5
31.0 99 5
42.0 95 5
34.0 97 5
35.0 98 5
33.0 95 5
36.0 97 5
39.0 92 5
37.0 94 5
37.0 96 5
29.0 96 5
29.0 98 5
30.0 99 5
39.0 97 5
32.0 97 5
34.0 97 5
41.0 93 5
35.0 96 5
38.0 97 5
32.0 98 5
34.0 97 5
39.0 97 5
40.0 95 5
23.0 99 5
33.0 95 5
34.0 98 5
28.0 97 5
38.0 92 5
41.0 91 5
29.0 99 5
34.0 96 5
27.0 97 5
39.0 93 5
26.0 99 5
41.0 92 5
37.0 98 5
36.0 93 5
35.0 94 5
37.0 94 5
29.0 98 5
30.0 96 5
42.0 91 5
29.0 98 5
29.0 97 5
39.0 94 5
32.0 98 5
34.0 98 5
34.0 97 5
38.0 97 5
37.0 98 5
35.0 93 5
42.0 95 5
30.0 98 5
24.0 99 5
36.0 95 5
17.0 100 6
19.0 100 6
26.0 100 6
41.0 97 6
7.0 100 6
42.0 90 6
29.0 97 6
37.0 93 6
42.0 94 6
28.0 99 6
36.0 97 6
42.0 97 6
37.0 97 6
37.0 97 6
21.0 94 6
40.0 93 6
34.0 100 6
34.0 95 6
25.0 97 6
40.0 97 6
40.0 95 6
33.0 95 6
42.0 94 6
28.0 97 6
39.0 94 6
26.0 99 6
36.0 95 6
37.0 96 6
37.0 100 6
33.0 93 6
33.0 98 6
24.0 99 6
40.0 94 6
41.0 96 6
32.0 99 6
35.0 99 6
38.0 95 6
27.0 96 6
37.0 98 6
36.0 97 6
38.0 97 6
38.0 98 6
35.0 93 6
30.0 98 6
35.0 96 6
41.0 97 6
36.0 97 6
31.0 99 6
38.0 99 6
36.0 96 6
37.0 95 6
42.0 95 6
28.0 97 6
37.0 95 6
33.0 98 6
36.0 93 6
33.0 99 6
37.0 99 6
35.0 98 6
39.0 98 6
41.0 96 6
40.0 96 6
34.0 98 6
31.0 98 6
41.0 86 6
40.0 95 6
37.0 97 6
40.0 94 6
39.0 95 6
30.0 99 6
39.0 95 6
34.0 97 6
33.0 99 6
37.0 95 6
36.0 97 6
31.0 99 6
40.0 98 6
31.0 98 6
38.0 96 6
32.0 96 6
32.0 98 6
41.0 96 6
40.0 96 6
34.0 99 6
33.0 96 6
40.0 95 6
42.0 95 6
38.0 96 6
30.0 99 6
27.0 99 6
35.0 96 6
30.0 96 6
29.0 98 6
33.0 97 6
42.0 98 6
37.0 96 6
42.0 93 6
31.0 98 6
29.0 98 6
29.0 99 6
27.0 99 6
32.0 99 6
32.0 99 6
38.0 94 6
38.0 94 6
38.0 94 6
42.0 93 6
34.0 98 6
32.0 96 6
33.0 96 6
40.0 93 6
26.0 99 6
39.0 97 6
38.0 95 6
37.0 96 6
30.0 98 6
33.0 97 6
27.0 98 6
41.0 92 6
31.0 99 6
29.0 98 6
35.0 94 6
38.0 96 6
36.0 94 6
34.0 99 6
29.0 98 6
42.0 95 6
33.0 98 6
29.0 99 6
30.0 99 6
38.0 92 6
31.0 98 6
38.0 96 6
29.0 98 6
31.0 96 6
41.0 99 6
31.0 99 6
35.0 98 6
33.0 99 6
34.0 96 6
32.0 96 6
38.0 96 6
32.0 99 6
25.0 99 6
38.0 94 6
14.0 100 7
16.0 100 7
35.0 97 7
39.0 94 7
32.0 97 7
39.0 94 7
32.0 97 7
29.0 97 7
36.0 92 7
28.0 99 7
38.0 91 7
28.0 98 7
39.0 97 7
38.0 97 7
32.0 97 7
30.0 97 7
29.0 99 7
40.0 94 7
35.0 98 7
32.0 99 7
36.0 94 7
32.0 94 7
35.0 97 7
32.0 98 7
41.0 92 7
37.0 96 7
36.0 98 7
37.0 94 7
41.0 93 7
40.0 96 7
34.0 97 7
37.0 96 7
29.0 99 7
36.0 96 7
33.0 98 7
34.0 99 7
31.0 98 7
32.0 97 7
30.0 99 7
34.0 99 7
25.0 97 7
32.0 99 7
33.0 95 7
36.0 96 7
33.0 97 7
39.0 95 7
41.0 93 7
32.0 95 7
34.0 94 7
36.0 95 7
29.0 99 7
28.0 98 7
29.0 99 7
30.0 99 7
33.0 97 7
28.0 98 7
28.0 98 7
41.0 92 7
26.0 99 7
28.0 98 7
41.0 93 7
30.0 98 7
35.0 96 7
29.0 99 7
33.0 99 7
31.0 98 7
27.0 98 7
31.0 99 7
36.0 96 7
39.0 98 7
36.0 95 7
42.0 90 7
27.0 98 7
35.0 94 7
31.0 97 7
32.0 99 7
39.0 93 7
37.0 95 7
36.0 97 7
36.0 96 7
41.0 95 7
42.0 92 7
28.0 99 7
37.0 97 7
28.0 98 7
31.0 99 7
42.0 93 7
30.0 99 7
37.0 96 7
36.0 94 7
37.0 94 7
25.0 98 7
27.0 99 7
32.0 98 7
21.0 100 8
32.0 93 8
36.0 100 8
34.0 98 8
23.0 100 8
36.0 94 8
39.0 98 8
37.0 97 8
36.0 99 8
30.0 98 8
29.0 98 8
41.0 93 8
39.0 94 8
31.0 97 8
39.0 93 8
29.0 96 8
38.0 94 8
27.0 98 8
28.0 96 8
26.0 98 8
36.0 93 8
29.0 99 8
25.0 98 8
31.0 97 8
32.0 96 8
38.0 95 8
36.0 96 8
37.0 94 8
33.0 97 8
30.0 98 8
35.0 96 8
36.0 96 8
41.0 94 8
41.0 93 8
34.0 97 8
35.0 96 8
32.0 99 8
27.0 99 8
42.0 94 8
40.0 98 8
41.0 95 8
33.0 98 8
37.0 96 8
32.0 99 8
37.0 98 8
33.0 96 8
39.0 95 8
33.0 97 8
39.0 96 8
40.0 93 8
35.0 96 8
30.0 97 8
38.0 93 8
34.0 98 8
38.0 93 8
31.0 99 8
37.0 95 8
27.0 99 8
39.0 96 8
38.0 96 8
35.0 98 8
32.0 97 8
34.0 99 8
31.0 98 8
37.0 97 8
31.0 97 8
34.0 99 8
33.0 98 8
35.0 96 8
29.0 98 8
25.0 99 8
30.0 99 8
38.0 95 8
41.0 96 8
32.0 98 8
29.0 98 8
33.0 99 8
32.0 98 8
31.0 98 8
36.0 97 8
31.0 98 8
42.0 93 8
35.0 96 8
38.0 95 8
33.0 98 8
37.0 98 8
31.0 97 8
35.0 96 8
32.0 98 8
42.0 96 8
42.0 95 8
31.0 97 8
41.0 91 8
38.0 94 8
31.0 95 8
31.0 97 8
35.0 96 8
38.0 95 8
26.0 99 8
22.0 100 9
28.0 99 9
38.0 96 9
20.0 99 9
32.0 97 9
27.0 98 9
39.0 96 9
33.0 97 9
28.0 98 9
42.0 95 9
36.0 95 9
35.0 95 9
39.0 97 9
40.0 96 9
35.0 97 9
28.0 97 9
34.0 99 9
29.0 98 9
36.0 96 9
38.0 95 9
29.0 99 9
28.0 97 9
34.0 99 9
34.0 96 9
40.0 95 9
41.0 95 9
35.0 98 9
31.0 97 9
30.0 98 9
35.0 95 9
37.0 97 9
29.0 98 9
28.0 99 9
36.0 96 9
35.0 97 9
38.0 94 9
32.0 98 9
40.0 94 9
36.0 95 9
39.0 95 9
34.0 96 9
31.0 99 9
38.0 97 9
38.0 96 9
33.0 95 9
31.0 99 9
41.0 93 9
41.0 93 9
36.0 95 9
33.0 97 9
27.0 99 9
31.0 98 9
37.0 95 9
33.0 99 9
34.0 95 9
33.0 97 9
41.0 94 9
42.0 92 9
28.0 98 9
30.0 99 9
33.0 98 9
39.0 94 9
28.0 98 9
39.0 96 9
31.0 98 9
34.0 96 9
39.0 95 9
37.0 95 9
34.0 98 9
40.0 92 9
30.0 96 9
31.0 98 9
37.0 96 9
33.0 99 9
39.0 95 9
33.0 95 9
8.0 100 10
26.0 99 10
15.0 100 10
28.0 98 10
31.0 99 10
38.0 99 10
32.0 99 10
27.0 99 10
33.0 99 10
36.0 95 10
30.0 98 10
30.0 97 10
32.0 97 10
35.0 97 10
41.0 93 10
33.0 98 10
34.0 96 10
35.0 95 10
34.0 99 10
34.0 96 10
29.0 99 10
42.0 93 10
40.0 95 10
32.0 99 10
34.0 99 10
38.0 93 10
42.0 95 10
38.0 93 10
35.0 97 10
35.0 98 10
33.0 98 10
36.0 97 10
39.0 97 10
33.0 97 10
37.0 97 10
34.0 96 10
36.0 98 10
31.0 97 10
30.0 98 10
33.0 98 10
39.0 94 10
34.0 97 10
33.0 97 10
31.0 97 10
32.0 99 10
27.0 99 10
30.0 97 10
36.0 96 10
41.0 94 10
28.0 99 10
12.0 100 11
25.0 99 11
31.0 98 11
32.0 98 11
27.0 98 11
27.0 99 11
40.0 95 11
35.0 95 11
35.0 99 11
31.0 97 11
34.0 96 11
29.0 98 11
39.0 95 11
42.0 91 11
41.0 93 11
40.0 93 11
40.0 93 11
41.0 95 11
32.0 98 11
27.0 99 11
34.0 97 11
29.0 99 11
36.0 98 11
30.0 99 11
28.0 99 11
36.0 96 11
33.0 95 11
37.0 96 11
28.0 99 11
31.0 98 11
31.0 98 11
32.0 96 11
31.0 97 11
32.0 99 11
36.0 96 11
37.0 97 11
31.0 99 12
34.0 96 12
39.0 96 12
36.0 96 12
39.0 98 12
34.0 99 12
36.0 98 12
34.0 98 12
30.0 99 12
41.0 93 12
37.0 96 12
29.0 98 12
37.0 96 12
33.0 98 12
39.0 95 12
37.0 95 12
30.0 99 12
41.0 94 12
32.0 98 12
30.0 97 12
34.0 97 12
31.0 99 12
25.0 99 12
37.0 97 13
36.0 97 13
37.0 95 13
34.0 97 13
34.0 97 13
32.0 98 13
36.0 99 13
28.0 99 13
29.0 99 13
34.0 96 13
30.0 99 13
31.0 99 13
34.0 97 13
30.0 99 13
31.0 99 13
41.0 93 13
30.0 98 13
34.0 96 13
40.0 96 13
33.0 97 13
32.0 99 13
31.0 98 13
36.0 95 14
32.0 97 14
41.0 95 14
32.0 99 14
35.0 96 14
37.0 97 14
28.0 99 14
34.0 99 14
40.0 95 14
35.0 97 14
33.0 97 14
30.0 99 14
34.0 98 14
29.0 99 14
33.0 98 15
35.0 96 15
30.0 99 15
33.0 99 15
33.0 98 15
30.0 98 15
28.0 99 15
31.0 98 15
41.0 93 15
32.0 98 15
33.0 98 15
31.0 98 15
27.0 99 15
33.0 99 15
28.0 99 15
30.0 99 15
38.0 94 16
30.0 98 16
29.0 99 16
32.0 97 16
37.0 96 16
39.0 93 16
28.0 99 17
36.0 97 17
37.0 97 17
33.0 97 17
30.0 99 18
35.0 97 18
34.0 98 18
33.0 98 18
28.0 99 19
29.0 99 19
29.0 99 19
41.0 95 19
41.0 94 20
29.0 99 20
32.0 99 20
29.0 99 21
33.0 99 21
32.0 99 22
32.0 99 23
29.0 99 23
32.0 99 26
