robl loc count
0.0 2 42407
0.0 3 24190
0.0 5 19439
0.0 4 19102
0.0 6 14835
0.0 7 9949
0.0 8 8248
0.0 9 6847
0.0 10 5253
0.0 11 4143
0.0 12 3651
0.0 13 2881
0.2 5 2734
0.25 4 2716
0.16666666666666666 6 2688
0.0 14 2491
0.125 8 2102
0.14285714285714285 7 2035
0.0 15 1996
0.1 10 1867
0.0 16 1765
0.1111111111111111 9 1739
0.2857142857142857 7 1651
0.5 2 1614
0.09090909090909091 11 1591
0.3333333333333333 3 1571
0.4 5 1548
0.3333333333333333 6 1536
0.0 17 1458
0.25 8 1414
0.2222222222222222 9 1322
0.0 18 1260
0.08333333333333333 12 1223
0.2 10 1211
0.18181818181818182 11 1198
0.15384615384615385 13 1079
0.0 19 1049
0.16666666666666666 12 1031
0.07692307692307693 13 1004
0.07142857142857142 14 989
0.0 20 942
0.14285714285714285 14 909
0.13333333333333333 15 891
0.5 4 873
0.0 21 834
0.06666666666666667 15 780
0.3 10 763
0.0 22 735
0.375 8 691
0.0625 16 689
0.3333333333333333 9 625
0.2727272727272727 11 614
0.125 16 600
0.0 23 575
0.25 12 573
0.23076923076923078 13 571
0.05555555555555555 18 552
0.21428571428571427 14 549
0.11764705882352941 17 548
0.058823529411764705 17 544
0.6666666666666666 3 517
0.0 24 517
0.2 15 493
0.1111111111111111 18 465
0.05263157894736842 19 464
0.42857142857142855 7 462
0.0 25 454
0.1875 16 437
0.10526315789473684 19 427
0.17647058823529413 17 414
0.05 20 403
0.25 16 399
0.16666666666666666 18 397
0.0 26 387
0.5 6 385
0.0 28 377
0.14285714285714285 21 377
0.1 20 371
0.047619047619047616 21 367
0.36363636363636365 11 365
0.23529411764705882 17 353
0.0 27 348
0.15789473684210525 19 346
0.09523809523809523 21 319
0.3076923076923077 13 312
0.15 20 304
0.3333333333333333 12 299
0.0 29 293
0.2222222222222222 18 291
0.045454545454545456 22 289
0.26666666666666666 15 284
0.0 30 278
0.08 25 270
0.2857142857142857 14 269
0.0 31 265
0.21052631578947367 19 264
0.125 24 259
0.19047619047619047 21 257
0.08695652173913043 23 248
0.09090909090909091 22 246
0.4444444444444444 9 244
0.0 32 236
0.13043478260869565 23 233
0.13636363636363635 22 231
0.2 20 230
0.0 33 230
0.4 10 228
0.043478260869565216 23 222
0.6 5 219
0.35714285714285715 14 211
0.0 34 210
0.041666666666666664 24 207
0.18181818181818182 22 207
0.75 4 191
0.038461538461538464 26 188
0.037037037037037035 27 188
0.11538461538461539 26 187
0.0 37 186
0.04 25 184
0.16666666666666666 24 183
0.25 20 182
0.0 36 181
0.08333333333333333 24 180
0.2777777777777778 18 180
0.23809523809523808 21 179
0.3333333333333333 15 179
0.12 25 176
0.3125 16 176
0.0 35 175
0.5 8 174
0.38461538461538464 13 174
0.07692307692307693 26 172
0.17391304347826086 23 171
0.29411764705882354 17 169
0.03571428571428571 28 166
0.14814814814814814 27 165
1.0 2 164
0.2631578947368421 19 161
0.3157894736842105 19 160
0.4166666666666667 12 160
0.5714285714285714 7 159
0.13793103448275862 29 159
0.22727272727272727 22 157
0.21739130434782608 23 154
0.06451612903225806 31 154
0.1111111111111111 27 152
0.16 25 148
0.0 39 148
0.0 38 143
0.2 25 142
0.07142857142857142 28 137
0.0 40 137
0.05714285714285714 35 135
0.07407407407407407 27 134
0.06666666666666667 30 134
0.20833333333333334 24 134
0.03333333333333333 30 132
0.0967741935483871 31 128
0.06896551724137931 29 128
0.3 20 126
0.15384615384615385 26 123
0.4 15 120
0.375 16 120
0.13333333333333333 30 119
0.19230769230769232 26 119
0.2727272727272727 22 117
0.034482758620689655 29 117
0.10714285714285714 28 116
0.030303030303030304 33 115
0.0 42 114
0.0 41 114
0.16129032258064516 31 109
0.03125 32 108
0.45454545454545453 11 108
0.14285714285714285 28 107
0.0625 32 106
0.10344827586206896 29 105
0.2608695652173913 23 104
0.21428571428571427 28 104
0.1724137931034483 29 102
0.029411764705882353 34 102
0.5 10 102
0.3684210526315789 19 101
0.3333333333333333 18 101
0.35294117647058826 17 101
0.03225806451612903 31 100
0.12903225806451613 31 100
0.17857142857142858 28 98
0.09375 32 98
0.125 32 98
0.42857142857142855 14 96
0.13513513513513514 37 96
0.18518518518518517 27 95
0.06060606060606061 33 95
0.1 30 94
0.25 24 92
0.6666666666666666 6 89
0.2857142857142857 21 88
0.24 25 86
0.16666666666666666 30 84
0.35 20 84
0.30434782608695654 23 83
0.20689655172413793 29 83
0.02857142857142857 35 82
0.08823529411764706 34 81
0.11764705882352941 34 81
0.1935483870967742 31 78
0.27586206896551724 29 78
0.8 5 77
0.09090909090909091 33 77
0.058823529411764705 34 76
0.15625 32 75
0.38095238095238093 21 73
0.2222222222222222 27 73
0.05555555555555555 36 73
0.23076923076923078 26 72
0.3333333333333333 21 71
0.46153846153846156 13 70
0.5555555555555556 9 69
0.10810810810810811 37 68
0.25925925925925924 27 66
0.2 30 66
0.2962962962962963 27 65
0.15151515151515152 33 65
0.47058823529411764 17 65
0.08108108108108109 37 64
0.25 28 64
0.3181818181818182 22 64
0.28 25 63
0.12121212121212122 33 63
0.027777777777777776 36 63
0.10526315789473684 38 62
0.02564102564102564 39 62
0.08571428571428572 35 62
0.3888888888888889 18 62
0.22580645161290322 31 60
0.025 40 60
0.1111111111111111 36 60
0.2916666666666667 24 60
0.23333333333333334 30 59
0.11428571428571428 35 59
0.16216216216216217 37 59
0.2413793103448276 29 59
0.14285714285714285 35 58
0.1388888888888889 36 58
0.14705882352941177 34 58
0.4117647058823529 17 58
0.15384615384615385 39 57
0.02702702702702703 37 57
0.13157894736842105 38 57
0.05405405405405406 37 57
0.1282051282051282 39 56
0.5454545454545454 11 56
0.17647058823529413 34 56
0.625 8 55
0.4375 16 54
0.08333333333333333 36 54
0.34782608695652173 23 53
0.1875 32 52
0.14634146341463414 41 52
0.1891891891891892 37 51
0.05263157894736842 38 51
0.1794871794871795 39 50
0.16666666666666666 36 50
0.14285714285714285 42 50
0.36 25 50
0.18181818181818182 33 50
0.18421052631578946 38 49
0.05 40 49
0.2692307692307692 26 48
0.05128205128205128 39 48
0.7142857142857143 7 48
0.20588235294117646 34 48
0.22857142857142856 35 47
0.04878048780487805 41 47
0.07894736842105263 38 47
0.17142857142857143 35 46
0.3333333333333333 24 46
0.5 14 46
0.024390243902439025 41 45
0.26666666666666666 30 45
0.10256410256410256 39 45
0.15789473684210525 38 45
0.07692307692307693 39 45
0.5 12 44
0.0975609756097561 41 44
0.3076923076923077 26 43
0.3 30 43
0.023809523809523808 42 43
0.02631578947368421 38 43
0.075 40 43
1.0 3 43
0.2 35 43
0.21212121212121213 33 40
0.125 40 40
0.09523809523809523 42 39
0.34615384615384615 26 39
0.24242424242424243 33 39
0.25806451612903225 31 38
0.4 20 37
0.21621621621621623 37 37
0.3793103448275862 29 37
0.1 40 36
0.19444444444444445 36 36
0.42105263157894735 19 36
0.2571428571428571 35 36
0.5 16 36
0.21875 32 36
1.0 7 36
1.0 5 36
0.36363636363636365 22 35
0.2857142857142857 28 35
0.23529411764705882 34 35
0.15 40 34
0.3333333333333333 27 34
0.42857142857142855 21 34
0.23684210526315788 38 34
0.175 40 34
0.4074074074074074 27 34
0.4666666666666667 15 34
0.07142857142857142 42 33
0.7692307692307693 13 33
0.2222222222222222 36 33
0.6 10 32
0.25 32 32
0.2903225806451613 31 32
0.25 36 31
0.375 32 31
0.07317073170731707 41 31
0.047619047619047616 42 31
0.12195121951219512 41 31
0.16666666666666666 42 31
0.20512820512820512 39 31
0.3103448275862069 29 30
0.3125 32 30
0.43478260869565216 23 30
0.11904761904761904 42 29
0.17073170731707318 41 29
0.32 25 29
0.2 40 29
0.21052631578947367 38 29
0.2727272727272727 33 28
0.4444444444444444 18 28
0.28125 32 27
0.24324324324324326 37 27
0.8571428571428571 7 27
0.21951219512195122 41 26
1.5 2 26
0.391304347826087 23 26
0.8571428571428571 14 25
0.225 40 25
0.8333333333333334 6 25
0.19047619047619047 42 25
0.32142857142857145 28 24
0.2564102564102564 39 24
0.5333333333333333 15 24
0.6666666666666666 9 23
1.0 4 22
0.1951219512195122 41 21
0.25 40 21
0.34375 32 21
0.2647058823529412 34 21
0.3225806451612903 31 21
0.47368421052631576 19 20
0.5384615384615384 13 20
0.75 8 20
0.23809523809523808 42 20
0.2631578947368421 38 20
0.21428571428571427 42 19
0.3333333333333333 33 19
0.3448275862068966 29 19
0.4 25 19
0.23076923076923078 39 19
0.4090909090909091 22 19
0.5 18 18
0.7 10 18
0.5833333333333334 12 17
0.37037037037037035 27 16
0.44 25 16
0.30303030303030304 33 16
0.3333333333333333 30 16
0.2972972972972973 37 16
0.29411764705882354 34 16
0.5 28 15
0.2777777777777778 36 15
0.38461538461538464 26 15
0.35714285714285715 28 15
0.2857142857142857 35 15
0.40476190476190477 42 15
0.6153846153846154 13 15
0.2926829268292683 41 15
0.2857142857142857 42 14
0.5625 16 14
0.6363636363636364 11 14
0.45454545454545453 22 14
0.2619047619047619 42 13
0.32432432432432434 37 13
0.39285714285714285 28 13
0.275 40 13
0.5 20 13
0.4166666666666667 24 13
0.2894736842105263 38 13
0.2702702702702703 37 13
0.7 20 12
0.45 20 12
0.75 12 12
0.47619047619047616 21 12
0.34285714285714286 35 12
0.3548387096774194 31 12
0.6 15 12
0.36666666666666664 30 11
0.5294117647058824 17 11
0.36363636363636365 33 11
0.24390243902439024 41 11
0.6666666666666666 12 11
0.2682926829268293 41 11
0.4444444444444444 27 11
0.3142857142857143 35 11
0.5714285714285714 14 11
0.4411764705882353 34 11
0.3170731707317073 41 10
0.7333333333333333 15 10
0.3055555555555556 36 10
0.5806451612903226 31 10
0.4230769230769231 26 10
0.4782608695652174 23 9
0.3157894736842105 38 9
0.3 40 9
0.3235294117647059 34 9
0.3870967741935484 31 8
0.35294117647058826 34 8
0.375 24 8
1.3333333333333333 3 8
0.5263157894736842 19 8
0.325 40 7
0.5789473684210527 19 7
0.6470588235294118 17 7
0.45714285714285713 35 7
0.5882352941176471 17 7
0.3939393939393939 33 7
0.3076923076923077 39 7
0.42857142857142855 28 7
0.4482758620689655 29 7
0.4 30 6
0.8888888888888888 9 6
0.35135135135135137 37 6
0.7272727272727273 11 6
0.8 10 6
0.34210526315789475 38 6
1.6666666666666667 3 6
0.3333333333333333 42 6
0.41935483870967744 31 6
0.34146341463414637 41 6
0.5238095238095238 21 6
0.38235294117647056 34 6
1.25 4 6
0.5555555555555556 18 6
0.5909090909090909 22 6
0.28205128205128205 39 6
0.3783783783783784 37 5
0.3333333333333333 39 5
0.6923076923076923 13 5
0.55 20 5
0.6111111111111112 18 5
0.5714285714285714 21 5
0.875 8 5
0.358974358974359 39 5
0.37142857142857144 35 5
0.3611111111111111 36 5
0.4583333333333333 24 5
0.4117647058823529 34 5
0.41379310344827586 29 5
0.8333333333333334 12 5
0.6 20 5
2.5 2 4
0.5 24 4
0.375 40 4
0.6086956521739131 23 4
0.36585365853658536 41 4
0.4827586206896552 29 4
0.3684210526315789 38 4
0.4166666666666667 36 4
0.40540540540540543 37 4
0.9090909090909091 11 4
0.43333333333333335 30 4
0.39473684210526316 38 4
0.56 25 4
0.7222222222222222 18 4
0.5652173913043478 23 4
0.38095238095238093 42 4
0.38461538461538464 39 4
0.3888888888888889 36 4
0.45454545454545453 33 3
0.5 30 3
1.2 5 3
0.46153846153846156 39 3
0.5217391304347826 23 3
0.3333333333333333 36 3
0.4666666666666667 30 3
0.35 40 3
1.125 8 3
0.5428571428571428 35 3
0.35714285714285715 42 3
0.41025641025641024 39 3
0.40625 32 3
0.4473684210526316 38 3
1.5 6 3
0.8461538461538461 13 3
0.6190476190476191 21 3
0.5185185185185185 27 3
1.0 6 3
0.7777777777777778 9 3
0.6875 16 3
1.0 9 3
0.6428571428571429 14 3
0.5833333333333334 24 3
0.8181818181818182 11 3
0.30952380952380953 42 3
0.7619047619047619 21 3
0.8709677419354839 31 3
0.8 15 3
0.6842105263157895 19 3
1.3333333333333333 12 2
0.5 26 2
0.5 22 2
0.5294117647058824 34 2
0.5384615384615384 26 2
0.5405405405405406 37 2
0.625 24 2
0.5454545454545454 22 2
0.6666666666666666 18 2
0.64 25 2
1.0 8 2
0.6060606060606061 33 2
1.0 10 2
1.4 5 2
0.48 25 2
0.8125 16 2
1.0 11 2
0.4722222222222222 36 2
0.46875 32 2
0.4444444444444444 36 2
0.46153846153846156 26 2
0.4634146341463415 41 2
0.9285714285714286 14 2
0.425 40 2
0.9166666666666666 24 2
0.75 16 2
0.7142857142857143 14 2
0.4594594594594595 37 2
0.75 20 2
0.4375 32 2
0.7647058823529411 17 2
0.4358974358974359 39 2
0.7777777777777778 18 2
0.7857142857142857 14 2
0.42857142857142855 35 2
0.5172413793103449 29 1
0.5476190476190477 42 1
0.8235294117647058 17 1
0.47619047619047616 42 1
0.5555555555555556 27 1
0.8095238095238095 21 1
0.7916666666666666 24 1
0.4 35 1
0.3902439024390244 41 1
0.4642857142857143 28 1
0.4 40 1
0.4146341463414634 41 1
0.42105263157894735 38 1
0.42857142857142855 42 1
0.43243243243243246 37 1
0.45 40 1
0.7407407407407407 27 1
0.47058823529411764 34 1
0.7419354838709677 31 1
0.65 20 1
0.7368421052631579 19 1
0.6285714285714286 35 1
0.5588235294117647 34 1
0.5625 32 1
0.5757575757575758 33 1
0.5882352941176471 34 1
0.5925925925925926 27 1
0.6 30 1
0.6111111111111112 36 1
0.631578947368421 19 1
0.7272727272727273 22 1
0.6470588235294118 34 1
0.6666666666666666 15 1
0.6666666666666666 21 1
0.6904761904761905 42 1
0.7058823529411765 17 1
0.7083333333333334 24 1
0.7142857142857143 28 1
0.47368421052631576 38 1
1.0769230769230769 13 1
0.4838709677419355 31 1
0.9411764705882353 17 1
0.9 10 1
1.3333333333333333 6 1
1.2857142857142858 14 1
0.9354838709677419 31 1
1.1428571428571428 7 1
0.8461538461538461 26 1
1.1666666666666667 6 1
3.0 3 1
1.5714285714285714 7 1
2.0 3 1
1.6666666666666667 6 1
1.75 4 1
1.0 36 1
1.0909090909090908 11 1
1.8888888888888888 9 1
2.0 2 1
0.9047619047619048 21 1
1.375 8 1
0.48484848484848486 33 1
0.5142857142857142 35 1
0.4857142857142857 35 1
0.4878048780487805 41 1
0.5 32 1
0.5 36 1
0.5 40 1
0.5121951219512195 41 1
0.5128205128205128 39 1
0.5151515151515151 33 1
1.4285714285714286 14 1
0.5416666666666666 24 1
0.8333333333333334 18 1
0.5714285714285714 28 1
1.5 10 1
1.0 22 1
1.5 4 1
0.9230769230769231 13 1
5.333333333333333 3 1
