nobl ncl count
3 0 1
13 0 1
7 3 1
1 7 1
2 9 1
7 7 1
10 12 1
2 1 1
8 20 1
21 25 1
17 1 1
0 17 1
9 5 1
3 17 1
8 8 1
16 5 1
40 10 1
4 7 1
18 0 1
15 7 1
9 18 1
7 13 1
71 0 1
9 4 1
2 26 1
47 80 1
7 15 1
2 7 1
9 6 1
10 3 1
3 7 1
24 29 1
10 6 1
4 20 1
20 50 1
24 13 1
30 81 1
13 1 1
12 2 1
11 75 1
9 9 1
9 16 1
13 4 1
13 20 1
4 1 1
16 1 1
5 32 1
4 6 1
0 18 1
13 5 1
6 30 1
27 73 1
23 6 1
16 13 1
7 11 1
11 5 1
5 12 1
6 11 1
3 14 1
5 19 1
15 11 1
8 35 1
3 13 1
9 20 1
10 59 1
21 18 1
49 24 1
20 17 1
3 93 1
0 15 1
12 1 1
23 4 1
13 48 1
7 18 1
18 21 1
1 5 1
9 25 1
1 15 1
12 15 1
7 14 1
12 47 1
7 8 1
24 18 1
25 33 1
0 32 1
12 17 1
18 47 1
1 16 1
6 39 1
15 35 1
24 0 1
14 25 1
28 0 1
25 13 1
10 22 1
22 30 1
10 19 1
8 6 1
13 7 1
13 10 1
20 1 1
17 8 1
4 9 1
43 18 1
26 15 1
8 25 1
0 62 1
36 41 1
20 6 1
10 16 1
53 42 1
26 19 1
21 6 1
3 15 1
89 38 1
26 23 1
7 45 1
17 5 1
7 21 1
21 23 1
17 24 1
10 1 1
7 25 1
13 38 1
7 30 1
3 22 1
8 75 1
20 0 1
11 8 1
4 30 1
14 11 1
11 15 1
0 36 1
33 32 1
12 20 1
8 13 1
17 15 1
12 68 1
0 24 1
2 17 1
69 56 1
41 12 1
118 107 1
18 3 1
12 4 1
15 8 1
28 15 1
14 32 1
14 12 1
6 9 1
0 14 1
22 18 1
3 16 1
6 14 1
32 1 1
6 34 1
7 17 1
43 49 1
14 57 1
26 5 1
3 35 1
5 20 1
20 15 1
25 21 1
82 64 1
17 2 1
19 30 1
2 23 1
54 102 1
28 8 1
1 27 1
3 24 1
2 29 1
14 27 1
18 4 1
9 54 1
5 27 1
24 38 1
6 3 1
13 19 1
127 68 1
30 48 1
0 22 1
12 3 1
64 88 1
18 73 1
6 24 1
14 61 1
46 23 1
38 11 1
37 21 1
47 26 1
11 0 1
23 18 1
8 29 1
18 35 1
28 16 1
27 13 1
51 24 1
19 70 1
21 10 1
0 10 1
52 26 1
4 21 1
57 15 1
20 18 1
37 12 1
12 21 1
80 35 1
65 35 1
203 139 1
13 2 1
23 8 1
8 3 1
42 29 1
14 5 1
32 0 1
9 11 1
25 38 1
26 0 1
19 0 1
46 31 1
0 25 1
22 11 1
8 28 1
73 50 1
43 100 1
17 9 1
16 17 1
16 69 1
4 17 1
5 17 1
118 61 1
9 21 1
41 25 1
25 15 1
119 78 1
70 54 1
7 40 1
30 6 1
22 7 1
19 28 1
12 37 1
32 22 1
6 21 1
5 14 1
21 35 1
18 8 1
22 26 1
21 50 1
3 3 1
21 1 1
27 3 1
16 25 1
13 11 1
81 46 1
13 16 1
11 18 1
15 4 1
108 115 1
22 5 1
19 26 1
21 15 1
21 27 1
16 19 1
19 7 1
18 16 1
55 24 1
33 12 1
15 15 1
26 26 1
27 14 1
23 9 1
18 15 1
10 17 1
3 33 1
9 13 1
1 28 1
24 35 1
13 8 1
14 15 1
23 15 1
25 6 1
38 10 1
9 36 1
68 29 1
16 9 1
81 50 1
132 95 1
112 84 1
125 89 1
3 36 1
18 27 1
41 60 1
6 35 1
38 14 1
16 35 1
11 23 1
14 19 1
22 22 1
27 7 1
20 25 1
31 2 1
1 10 2
0 6 2
3 5 2
16 15 2
24 22 2
8 7 2
5 8 2
12 19 2
12 9 2
9 3 2
8 0 2
11 10 2
12 11 2
4 22 2
0 26 2
1 9 2
11 1 2
12 8 2
0 11 2
15 0 2
17 0 2
18 12 2
11 4 2
16 2 2
16 0 2
5 10 2
34 0 2
30 5 2
8 22 2
10 2 2
2 12 2
17 12 2
21 3 2
11 2 2
1 18 2
6 22 2
15 10 2
4 11 2
7 20 2
5 7 2
9 17 2
12 48 2
29 91 2
4 23 2
4 18 2
3 9 2
16 16 2
1 12 2
1 8 2
3 6 2
16 56 2
7 19 2
10 13 2
3 8 2
8 23 2
15 32 2
6 28 2
9 28 2
12 16 2
15 20 2
29 2 2
32 4 2
14 10 2
17 28 2
16 6 2
11 30 2
9 14 2
4 33 2
15 78 2
9 37 2
25 5 2
2 19 2
1 21 2
10 32 2
21 4 2
40 0 2
10 21 2
13 12 2
5 39 2
14 6 2
8 12 2
19 2 2
36 0 2
19 17 2
23 1 2
15 5 2
4 25 2
12 33 2
7 16 2
19 6 2
15 24 2
15 22 2
10 20 2
17 3 2
19 15 2
0 16 2
24 14 2
14 3 2
74 46 2
42 78 2
22 8 2
11 41 2
7 34 2
8 21 2
23 21 2
6 12 2
6 27 2
12 23 2
23 34 2
4 31 2
30 3 2
3 12 2
2 10 2
15 3 2
15 26 2
20 13 2
33 0 2
11 11 2
35 32 2
29 0 2
1 19 2
8 61 2
11 14 2
13 27 2
15 6 2
21 26 2
24 7 2
17 13 2
25 14 2
17 35 2
14 9 2
4 42 2
0 23 2
5 5 2
3 29 2
36 17 2
24 11 2
124 114 2
32 58 2
9 10 2
13 31 2
67 45 2
23 19 2
1 31 2
16 7 2
21 51 2
14 29 2
16 41 2
7 1 3
5 4 3
9 1 3
6 10 3
7 6 3
11 7 3
1 1 3
6 7 3
27 20 3
15 1 3
1 6 3
13 6 3
13 3 3
4 3 3
12 5 3
10 11 3
11 19 3
16 18 3
8 17 3
0 13 3
19 8 3
6 23 3
4 15 3
11 6 3
8 2 3
5 9 3
12 13 3
4 13 3
18 1 3
8 15 3
17 19 3
23 31 3
5 2 3
2 4 3
3 11 3
18 82 3
14 18 3
3 26 3
2 16 3
11 36 3
8 10 3
27 1 3
9 34 3
29 30 3
5 15 3
10 18 3
18 13 3
6 18 3
1 43 3
19 14 3
19 22 3
9 27 3
6 13 3
3 10 3
4 24 3
3 18 3
5 24 3
15 19 3
35 3 3
8 19 3
4 12 3
0 35 3
10 14 3
5 16 3
1 17 3
42 52 3
20 2 3
8 18 3
17 7 3
13 17 3
31 92 3
7 23 3
14 43 3
6 15 3
10 24 3
7 12 3
17 40 3
19 12 3
49 37 3
21 33 3
3 2 4
0 2 4
4 0 4
10 5 4
10 0 4
9 2 4
14 2 4
0 9 4
2 3 4
15 12 4
9 7 4
11 9 4
19 3 4
4 4 4
6 8 4
14 1 4
8 24 4
9 0 4
11 13 4
6 6 4
0 3 4
0 1 4
8 9 4
12 0 4
11 3 4
1 25 4
2 11 4
24 8 4
13 9 4
9 19 4
33 10 4
5 3 4
8 1 4
21 2 4
12 46 4
0 41 4
23 0 4
1 24 4
22 10 4
2 13 5
9 8 5
0 5 5
5 1 5
10 8 5
4 2 5
2 2 5
4 5 5
3 1 5
31 16 5
6 2 5
6 5 5
12 6 5
3 4 5
7 2 5
43 42 5
8 11 5
0 8 5
4 8 5
8 5 5
22 1 5
2 0 6
0 7 6
1 4 6
1 2 6
7 4 6
8 14 6
6 4 6
5 22 6
7 9 6
12 10 6
1 0 7
6 0 7
5 6 7
1 3 7
5 0 8
7 0 8
10 7 8
0 4 9
10 9 10
8 4 10
0 0 12
