nobl ncl count
0 0 490591
1 0 26680
2 0 15909
0 1 15180
3 0 6828
0 2 4358
4 0 3712
1 1 3301
2 1 2274
5 0 2059
0 3 1834
1 2 1796
2 2 1522
3 1 1376
6 0 1282
3 2 1086
0 4 998
4 1 893
2 3 819
7 0 777
3 3 684
1 3 683
4 2 665
5 1 622
4 3 565
0 5 552
8 0 551
3 4 516
5 2 494
6 1 411
2 4 401
1 4 368
4 4 365
5 3 362
9 0 346
0 6 305
6 2 299
10 0 280
5 4 279
6 3 244
7 1 233
4 5 226
1 5 224
2 5 219
6 4 212
3 5 202
6 5 197
7 2 196
8 1 188
7 3 183
11 0 182
0 7 178
5 5 174
4 6 156
1 6 155
2 6 154
0 8 152
7 5 150
6 6 144
7 4 144
3 6 140
5 6 138
12 0 134
8 3 131
8 2 130
8 5 130
9 1 118
13 0 116
8 4 114
5 7 111
4 7 108
6 7 105
2 7 105
7 6 99
9 5 97
9 2 92
3 7 92
1 7 92
3 9 89
5 8 88
9 3 85
0 9 84
11 1 80
7 8 77
8 7 76
0 10 74
4 8 74
7 7 71
8 6 71
14 0 70
10 1 70
10 2 69
9 4 69
1 8 67
7 25 66
3 12 65
6 8 63
10 6 57
1 9 56
8 10 56
3 8 56
5 9 56
9 6 55
2 9 53
9 8 52
1 11 52
11 2 52
10 4 51
0 12 50
8 11 50
8 8 49
10 3 49
9 7 48
9 13 48
10 5 47
1 10 47
4 9 47
16 0 46
6 23 45
2 8 45
11 12 45
15 0 44
9 9 44
11 7 44
6 9 43
11 3 43
12 1 41
4 10 41
0 11 40
7 9 40
10 8 38
4 11 36
6 10 36
7 16 36
3 10 35
3 15 35
14 1 35
5 32 35
11 4 35
5 16 34
17 0 34
8 23 33
8 9 33
5 10 33
12 5 33
10 19 32
12 2 32
0 13 31
7 12 31
10 11 30
13 1 30
12 6 30
11 9 30
12 4 29
7 11 29
11 10 29
12 8 29
13 2 29
11 5 29
5 11 28
0 14 28
19 0 28
2 10 27
12 49 27
11 36 26
11 11 26
12 9 26
6 12 26
13 8 26
1 12 26
10 7 25
10 9 24
7 10 24
13 5 24
10 10 24
4 12 23
3 11 23
11 6 23
15 4 22
12 10 22
11 8 22
13 6 22
2 11 22
18 0 21
14 5 21
5 12 21
13 3 21
15 1 21
9 11 21
12 3 20
12 7 19
13 7 19
9 12 19
12 46 19
6 13 18
13 9 18
15 8 18
9 10 18
14 3 18
3 13 18
2 12 17
4 14 17
6 11 17
13 4 17
7 13 17
14 2 17
13 11 16
10 13 16
2 14 16
14 10 16
20 0 16
9 16 16
14 6 16
16 2 16
8 14 16
12 11 16
9 17 16
11 14 15
2 13 14
5 13 14
8 12 14
11 13 14
5 14 14
14 31 14
10 12 14
15 11 14
8 21 14
18 2 14
16 3 14
5 15 13
15 2 13
9 18 13
13 10 13
0 17 13
3 14 13
14 8 13
17 28 13
1 15 13
5 22 13
2 16 12
14 4 12
4 13 12
4 15 12
12 14 12
12 12 12
17 4 12
0 18 12
10 16 12
15 12 12
13 13 12
16 9 12
15 10 11
14 7 11
18 1 11
15 7 11
14 61 11
17 3 11
19 4 11
1 14 11
21 0 11
18 6 10
22 0 10
7 15 10
8 17 10
23 0 10
18 5 10
14 12 10
14 13 10
0 15 10
6 16 9
17 9 9
19 5 9
10 14 9
4 22 9
6 14 9
20 11 9
14 14 9
15 13 9
15 6 9
0 16 9
1 13 9
16 7 9
1 18 9
8 15 9
7 17 9
1 16 8
14 17 8
21 3 8
13 14 8
17 13 8
15 5 8
8 13 8
5 18 8
3 18 8
2 15 8
13 12 8
7 14 8
21 2 8
16 4 8
10 17 8
9 15 8
20 1 8
17 1 8
18 73 8
14 11 8
15 35 8
10 20 8
19 3 8
3 16 7
8 18 7
8 16 7
18 4 7
16 16 7
12 13 7
16 11 7
22 1 7
0 22 7
21 1 7
3 17 7
4 17 7
14 9 7
9 27 7
16 13 7
10 15 7
16 10 7
16 6 7
10 18 7
15 3 7
19 11 7
10 23 7
10 21 7
18 9 6
21 5 6
23 8 6
21 6 6
18 7 6
21 15 6
7 21 6
15 18 6
22 19 6
4 21 6
15 9 6
19 2 6
22 10 6
18 12 6
16 1 6
9 14 6
19 1 6
17 2 6
23 6 6
16 5 6
5 19 6
14 20 6
20 18 6
6 17 6
19 15 6
25 0 6
30 81 6
6 18 6
8 19 6
18 3 6
2 20 6
24 19 6
17 15 6
6 15 6
19 8 6
17 8 6
17 5 6
4 16 6
20 13 6
14 16 6
21 14 5
2 19 5
19 10 5
22 7 5
19 14 5
22 9 5
12 15 5
16 15 5
0 26 5
20 2 5
20 3 5
14 15 5
20 9 5
22 5 5
18 13 5
9 22 5
15 20 5
2 18 5
19 17 5
20 14 5
1 20 5
18 10 5
24 8 5
1 24 5
3 19 5
24 0 5
9 20 5
9 19 5
16 18 5
20 20 5
5 17 5
0 21 5
7 23 5
11 21 5
17 7 5
4 20 5
0 19 4
6 22 4
11 15 4
6 19 4
10 22 4
20 6 4
4 18 4
17 6 4
13 24 4
11 19 4
11 18 4
4 23 4
11 20 4
33 0 4
26 0 4
9 23 4
23 5 4
27 4 4
13 27 4
24 7 4
8 25 4
8 22 4
4 19 4
1 17 4
23 1 4
13 56 4
1 25 4
20 15 4
0 20 4
22 11 4
12 19 4
22 4 4
22 6 4
16 14 4
21 7 4
13 17 4
1 21 4
16 8 4
21 16 4
18 21 4
2 17 4
41 0 4
17 14 4
2 23 4
3 21 4
17 19 4
18 8 4
15 15 4
15 16 4
15 19 4
0 23 3
13 15 3
4 31 3
13 16 3
11 22 3
13 19 3
23 18 3
21 17 3
2 25 3
12 29 3
20 21 3
13 31 3
11 16 3
9 25 3
15 14 3
8 35 3
23 2 3
11 23 3
5 24 3
23 14 3
12 17 3
23 24 3
20 17 3
23 22 3
22 14 3
3 23 3
12 23 3
15 24 3
23 23 3
21 9 3
22 18 3
21 18 3
4 25 3
21 22 3
8 20 3
21 12 3
12 47 3
26 5 3
21 10 3
18 22 3
0 24 3
24 10 3
14 18 3
20 4 3
12 16 3
19 23 3
40 0 3
16 19 3
16 17 3
6 24 3
25 2 3
29 0 3
28 24 3
19 13 3
25 8 3
25 9 3
6 30 3
34 14 3
20 7 3
45 7 3
17 10 3
7 20 3
25 19 3
18 15 3
25 33 3
18 14 3
28 4 3
7 18 3
27 73 3
48 67 3
32 1 3
1 27 3
19 7 3
27 0 3
18 16 3
16 22 3
31 16 3
31 10 3
9 28 2
3 24 2
24 1 2
6 20 2
6 21 2
81 50 2
2 26 2
14 29 2
6 27 2
14 32 2
94 58 2
14 38 2
14 62 2
2 21 2
13 48 2
14 34 2
33 13 2
10 28 2
19 6 2
9 24 2
26 2 2
19 12 2
26 1 2
21 8 2
0 30 2
32 34 2
7 19 2
25 21 2
25 13 2
25 5 2
21 31 2
17 11 2
1 19 2
1 32 2
62 47 2
15 21 2
4 26 2
3 36 2
3 26 2
3 25 2
13 18 2
13 20 2
15 23 2
16 32 2
5 23 2
1 26 2
8 26 2
48 61 2
1 23 2
1 28 2
16 30 2
5 27 2
5 21 2
15 22 2
12 27 2
13 28 2
13 25 2
13 23 2
11 17 2
12 20 2
4 30 2
12 30 2
13 21 2
4 33 2
11 41 2
11 30 2
11 28 2
11 24 2
5 20 2
26 8 2
3 22 2
26 12 2
17 35 2
36 11 2
28 14 2
31 0 2
17 21 2
42 35 2
28 15 2
17 16 2
28 0 2
30 13 2
22 15 2
44 18 2
22 23 2
36 0 2
35 15 2
17 12 2
22 16 2
31 12 2
23 3 2
26 43 2
41 12 2
18 11 2
29 4 2
27 1 2
32 0 2
27 12 2
29 20 2
21 20 2
23 4 2
26 21 2
21 26 2
32 10 2
26 15 2
21 21 2
31 11 2
0 49 2
23 34 2
19 16 2
24 9 2
20 10 2
20 12 2
23 31 2
24 2 2
25 1 2
21 4 2
34 0 2
26 7 2
35 13 2
35 3 2
18 26 2
41 25 2
0 32 2
20 8 2
21 13 2
33 32 2
38 27 2
20 5 2
23 7 2
18 19 2
19 20 2
19 21 2
39 15 2
23 19 2
38 22 2
38 14 2
20 19 2
0 25 2
23 21 2
24 35 2
24 25 2
6 28 1
7 47 1
7 45 1
7 40 1
6 34 1
6 29 1
12 18 1
11 35 1
11 75 1
4 42 1
4 35 1
4 28 1
4 24 1
8 134 1
12 21 1
7 62 1
8 31 1
8 75 1
7 39 1
6 41 1
12 22 1
6 35 1
7 28 1
7 30 1
7 34 1
8 24 1
8 61 1
8 28 1
8 29 1
8 36 1
8 40 1
8 41 1
8 45 1
6 39 1
10 33 1
12 25 1
17 24 1
5 39 1
5 36 1
5 29 1
5 28 1
5 25 1
17 20 1
17 25 1
10 59 1
25 16 1
24 29 1
24 38 1
25 3 1
25 4 1
6 49 1
5 132 1
10 41 1
12 28 1
11 31 1
12 32 1
12 33 1
12 36 1
12 37 1
12 40 1
11 55 1
6 26 1
10 39 1
11 25 1
10 24 1
10 25 1
10 29 1
10 32 1
10 35 1
6 44 1
17 17 1
6 53 1
16 41 1
14 57 1
14 103 1
16 26 1
16 28 1
16 29 1
16 35 1
16 56 1
13 38 1
16 57 1
16 58 1
16 59 1
16 65 1
16 69 1
16 70 1
14 51 1
13 36 1
0 62 1
3 42 1
13 119 1
13 42 1
3 140 1
3 93 1
3 92 1
3 43 1
3 37 1
13 26 1
3 35 1
3 33 1
3 32 1
3 31 1
3 29 1
3 28 1
0 80 1
25 14 1
6 57 1
7 24 1
16 21 1
12 68 1
12 48 1
29 30 1
9 37 1
7 27 1
7 22 1
15 78 1
9 21 1
9 26 1
9 34 1
9 36 1
9 54 1
12 45 1
16 12 1
15 58 1
17 18 1
1 42 1
16 27 1
16 25 1
2 22 1
16 23 1
1 46 1
1 43 1
1 31 1
15 47 1
15 17 1
15 26 1
15 31 1
15 32 1
15 33 1
15 42 1
25 6 1
28 13 1
25 15 1
25 17 1
17 33 1
17 38 1
17 40 1
17 48 1
17 51 1
17 493 1
0 42 1
0 41 1
0 38 1
0 36 1
0 35 1
18 18 1
18 25 1
19 26 1
19 29 1
17 31 1
17 29 1
18 27 1
0 27 1
18 38 1
18 47 1
0 33 1
18 82 1
18 84 1
0 28 1
19 9 1
19 28 1
19 19 1
19 22 1
19 24 1
19 25 1
18 31 1
18 29 1
22 40 1
21 33 1
21 35 1
20 28 1
19 53 1
19 70 1
20 22 1
20 24 1
20 25 1
20 26 1
20 35 1
21 27 1
20 37 1
20 45 1
20 50 1
21 11 1
21 23 1
21 25 1
19 42 1
19 30 1
21 42 1
22 22 1
21 51 1
22 2 1
22 3 1
22 8 1
22 12 1
22 20 1
22 25 1
21 30 1
22 26 1
22 29 1
22 30 1
22 31 1
22 39 1
21 34 1
18 35 1
18 34 1
18 33 1
24 11 1
23 17 1
23 26 1
23 36 1
24 3 1
24 5 1
24 6 1
24 12 1
23 15 1
24 13 1
26 11 1
26 13 1
26 16 1
28 9 1
28 12 1
23 16 1
23 13 1
28 16 1
26 6 1
17 26 1
25 18 1
25 24 1
25 28 1
25 38 1
25 48 1
26 9 1
23 12 1
24 22 1
24 18 1
24 15 1
24 14 1
23 9 1
23 10 1
2 40 1
28 19 1
18 30 1
27 14 1
26 46 1
26 48 1
27 3 1
27 7 1
27 10 1
27 13 1
27 15 1
26 26 1
27 20 1
27 53 1
27 58 1
22 44 1
22 43 1
22 41 1
26 44 1
26 23 1
28 21 1
29 11 1
28 22 1
28 23 1
28 25 1
28 44 1
28 68 1
29 2 1
29 13 1
26 20 1
29 16 1
29 21 1
28 10 1
28 8 1
26 19 1
28 7 1
2 49 1
37 10 1
14 43 1
14 41 1
31 92 1
32 31 1
118 61 1
93 81 1
118 107 1
127 68 1
33 29 1
80 68 1
31 2 1
33 22 1
31 4 1
31 6 1
81 46 1
33 19 1
125 89 1
106 73 1
106 58 1
102 82 1
32 14 1
99 22 1
111 63 1
32 19 1
32 18 1
31 18 1
31 55 1
31 30 1
32 4 1
32 11 1
111 57 1
101 0 1
31 32 1
32 5 1
110 276 1
124 114 1
124 39 1
33 17 1
42 5 1
41 13 1
49 26 1
41 34 1
41 35 1
41 43 1
41 60 1
42 15 1
51 27 1
49 24 1
42 16 1
49 2 1
49 0 1
42 18 1
48 72 1
41 5 1
36 1 1
31 7 1
89 38 1
33 16 1
119 78 1
33 15 1
82 60 1
82 64 1
83 65 1
33 12 1
65 35 1
33 10 1
89 45 1
70 42 1
90 51 1
90 68 1
32 58 1
32 22 1
97 63 1
97 58 1
80 50 1
137 28 1
132 108 1
30 48 1
79 51 1
80 33 1
80 35 1
34 7 1
30 32 1
34 5 1
80 62 1
143 97 1
34 19 1
30 11 1
30 10 1
30 39 1
30 20 1
35 33 1
74 43 1
76 0 1
75 33 1
34 16 1
108 115 1
79 45 1
74 46 1
34 18 1
34 10 1
30 14 1
141 96 1
73 50 1
77 48 1
34 11 1
30 12 1
35 42 1
35 32 1
96 56 1
132 95 1
34 31 1
144 76 1
34 28 1
34 21 1
33 41 1
33 43 1
80 67 1
72 34 1
100 60 1
31 15 1
112 84 1
32 30 1
32 27 1
95 15 1
34 41 1
30 9 1
30 0 1
30 5 1
35 20 1
35 18 1
35 16 1
30 3 1
203 139 1
35 14 1
30 6 1
72 21 1
70 54 1
71 0 1
71 6 1
71 40 1
30 8 1
71 41 1
40 17 1
49 27 1
49 36 1
53 30 1
53 27 1
54 102 1
54 32 1
54 20 1
53 65 1
53 42 1
52 32 1
59 6 1
55 27 1
52 26 1
52 15 1
52 1 1
37 44 1
37 181 1
59 5 1
60 36 1
55 24 1
36 12 1
67 45 1
70 40 1
69 56 1
69 35 1
68 29 1
67 51 1
36 17 1
36 22 1
65 30 1
67 27 1
66 50 1
66 28 1
44 20 1
36 21 1
38 10 1
55 40 1
36 23 1
14 22 1
2 38 1
2 32 1
2 29 1
2 27 1
14 19 1
14 21 1
14 24 1
29 31 1
12 51 1
14 25 1
14 26 1
14 27 1
14 30 1
14 37 1
14 23 1
21 50 1
37 16 1
37 18 1
58 74 1
58 15 1
58 0 1
57 15 1
37 12 1
37 15 1
56 37 1
29 91 1
37 21 1
37 22 1
37 27 1
37 32 1
37 33 1
56 71 1
64 88 1
63 37 1
49 72 1
47 6 1
43 100 1
44 0 1
47 26 1
44 7 1
47 16 1
44 15 1
43 42 1
48 30 1
46 31 1
46 23 1
46 18 1
45 26 1
29 34 1
45 22 1
44 17 1
48 31 1
43 25 1
49 70 1
51 26 1
39 27 1
51 24 1
50 44 1
50 8 1
50 2 1
40 14 1
48 66 1
49 67 1
40 10 1
49 40 1
49 38 1
49 37 1
40 11 1
43 49 1
48 28 1
62 2 1
37 5 1
36 31 1
36 35 1
36 38 1
36 41 1
63 36 1
37 1 1
63 29 1
36 7 1
37 6 1
37 9 1
62 66 1
62 45 1
62 44 1
62 35 1
38 11 1
51 31 1
42 47 1
42 52 1
47 80 1
47 66 1
42 29 1
47 53 1
47 51 1
47 39 1
43 18 1
38 25 1
42 57 1
42 78 1
42 125 1
43 1 1
43 9 1
43 11 1
223 6 1
