count nobl coco
403086 0.0 0
55012 0.0 1
19353 0.0 2
14646 0.0 3
12035 1.0 0
7137 2.0 0
6795 1.0 1
6750 0.0 4
4393 1.0 2
3509 0.0 5
3371 2.0 1
2926 1.0 3
2907 0.0 6
2701 2.0 2
2511 3.0 0
2046 0.0 7
1873 2.0 3
1871 1.0 4
1514 3.0 1
1456 4.0 0
1382 2.0 4
1359 3.0 2
1330 0.0 8
1117 1.0 5
1106 3.0 3
1054 0.0 9
1012 2.0 5
925 3.0 4
871 1.0 6
822 5.0 0
809 0.0 10
694 0.0 11
682 3.0 5
676 2.0 6
664 4.0 1
663 1.0 7
649 4.0 2
612 4.0 3
606 4.0 4
524 3.0 6
523 2.0 7
517 1.0 8
505 6.0 0
489 0.0 12
472 4.0 6
461 5.0 1
453 4.0 5
443 3.0 7
401 2.0 9
395 2.0 8
373 0.0 13
370 1.0 9
363 7.0 0
354 5.0 4
336 5.0 3
332 3.0 8
330 5.0 2
328 8.0 0
316 2.0 11
308 1.0 10
306 4.0 7
306 6.0 1
299 0.0 15
290 5.0 5
280 0.0 14
277 2.0 10
268 3.0 10
268 5.0 6
256 1.0 11
249 5.0 7
241 4.0 8
239 6.0 2
236 0.0 16
236 3.0 9
226 2.0 13
214 5.0 8
208 1.0 12
208 7.0 1
199 6.0 3
196 6.0 6
194 0.0 17
194 9.0 0
191 4.0 10
190 6.0 4
182 6.0 5
178 2.0 12
175 4.0 9
169 3.0 11
159 0.0 19
153 5.0 9
152 8.0 1
150 3.0 12
149 0.0 18
146 5.0 10
145 1.0 13
137 6.0 9
135 6.0 7
129 1.0 14
128 7.0 4
125 3.0 13
124 4.0 12
123 4.0 14
122 6.0 8
121 10.0 0
121 3.0 20
120 7.0 2
119 2.0 25
119 1.0 15
117 6.0 10
116 3.0 17
115 4.0 13
115 4.0 11
114 2.0 17
114 7.0 3
112 5.0 11
111 2.0 14
108 11.0 0
107 7.0 8
105 8.0 2
103 0.0 20
102 7.0 6
100 7.0 7
100 2.0 16
97 1.0 18
96 3.0 14
96 0.0 25
93 0.0 22
90 2.0 15
86 1.0 16
86 5.0 12
86 0.0 23
86 4.0 16
85 1.0 17
84 7.0 10
82 3.0 15
81 0.0 21
81 7.0 5
81 5.0 14
80 6.0 11
76 9.0 1
76 7.0 12
74 6.0 12
74 5.0 13
74 7.0 9
73 8.0 3
73 3.0 16
71 6.0 13
71 12.0 0
70 8.0 6
70 1.0 21
69 8.0 7
68 6.0 14
68 3.0 18
67 6.0 15
67 9.0 2
66 8.0 5
64 0.0 24
63 9.0 5
63 8.0 4
62 8.0 8
62 2.0 21
61 4.0 15
59 2.0 18
59 7.0 11
59 5.0 15
58 9.0 3
58 0.0 26
57 7.0 13
57 1.0 19
56 1.0 20
54 5.0 16
53 8.0 9
53 8.0 11
53 7.0 17
52 12.0 1
52 8.0 10
52 9.0 4
51 5.0 18
51 6.0 20
50 11.0 3
50 13.0 0
49 8.0 12
48 4.0 17
48 9.0 11
47 2.0 19
47 3.0 19
47 14.0 0
46 10.0 10
46 6.0 16
46 9.0 6
46 10.0 1
46 4.0 21
45 0.0 27
44 4.0 19
43 2.0 22
43 5.0 19
43 4.0 29
43 4.0 18
42 7.0 15
42 7.0 14
42 0.0 28
41 8.0 14
41 0.0 29
40 10.0 5
40 3.0 21
40 2.0 20
39 4.0 22
39 6.0 17
38 5.0 17
37 0.0 31
37 1.0 23
37 5.0 20
37 1.0 25
36 2.0 23
35 9.0 8
35 9.0 9
35 0.0 30
35 7.0 18
35 6.0 18
34 10.0 4
34 1.0 22
34 13.0 10
34 2.0 29
34 10.0 9
33 10.0 8
33 9.0 13
33 8.0 20
33 9.0 7
33 0.0 32
33 10.0 2
33 11.0 1
32 8.0 13
32 8.0 16
32 5.0 38
32 7.0 19
32 1.0 28
32 10.0 3
31 15.0 0
31 9.0 10
31 1.0 24
30 6.0 19
30 4.0 27
30 1.0 27
30 10.0 11
30 8.0 15
29 9.0 15
29 5.0 21
29 5.0 22
28 1.0 26
28 5.0 23
28 0.0 37
28 8.0 18
28 9.0 24
28 7.0 16
27 11.0 7
27 9.0 12
27 6.0 25
27 6.0 47
27 2.0 24
27 9.0 16
26 9.0 14
26 10.0 7
26 7.0 24
26 10.0 6
25 11.0 4
25 1.0 29
25 8.0 21
25 3.0 23
25 7.0 20
25 10.0 15
25 8.0 17
24 9.0 17
24 11.0 2
24 2.0 33
24 15.0 1
24 2.0 27
23 0.0 36
23 2.0 26
23 4.0 28
23 11.0 8
23 4.0 20
23 10.0 17
22 12.0 15
22 10.0 14
22 7.0 22
22 5.0 26
22 3.0 25
22 11.0 9
22 3.0 22
21 11.0 12
21 11.0 10
21 10.0 16
21 8.0 22
21 3.0 24
21 7.0 21
20 4.0 25
20 0.0 38
20 17.0 1
20 7.0 23
20 3.0 30
20 7.0 56
19 6.0 21
19 7.0 29
19 11.0 11
19 11.0 17
19 18.0 0
19 12.0 3
19 9.0 18
19 6.0 30
19 9.0 20
19 11.0 22
19 12.0 18
19 10.0 12
19 10.0 13
18 11.0 15
18 13.0 3
18 14.0 8
18 4.0 24
18 6.0 22
18 8.0 65
18 12.0 11
18 13.0 1
18 2.0 37
18 3.0 27
18 1.0 31
18 9.0 21
18 0.0 33
18 14.0 1
18 11.0 13
18 12.0 10
17 5.0 34
17 2.0 28
17 7.0 51
17 10.0 20
17 4.0 23
17 3.0 26
17 20.0 0
17 9.0 22
17 12.0 2
17 8.0 24
17 0.0 43
17 8.0 23
16 5.0 25
16 18.0 3
16 0.0 35
16 10.0 22
16 2.0 30
16 6.0 26
16 13.0 14
16 6.0 24
16 2.0 31
16 9.0 19
16 1.0 32
16 12.0 9
16 13.0 5
16 5.0 36
15 13.0 4
15 5.0 28
15 11.0 14
15 3.0 29
15 8.0 28
15 0.0 34
15 8.0 19
15 6.0 23
15 16.0 4
15 11.0 5
14 12.0 8
14 4.0 26
14 11.0 24
14 10.0 23
14 0.0 50
14 16.0 0
14 13.0 11
14 13.0 15
14 11.0 19
14 5.0 24
14 12.0 13
14 1.0 33
14 3.0 32
14 10.0 24
14 5.0 32
14 3.0 28
14 4.0 31
13 7.0 28
13 7.0 27
13 10.0 26
13 22.0 0
13 11.0 6
13 14.0 5
13 12.0 7
13 4.0 34
13 1.0 34
13 12.0 22
12 8.0 33
12 4.0 32
12 12.0 5
12 2.0 34
12 8.0 32
12 14.0 4
12 10.0 18
12 3.0 39
12 2.0 41
12 21.0 3
12 10.0 19
12 10.0 29
12 10.0 21
12 1.0 35
12 4.0 33
12 5.0 29
12 12.0 14
12 9.0 23
12 3.0 31
11 0.0 39
11 2.0 52
11 7.0 25
11 14.0 16
11 12.0 17
11 11.0 39
11 13.0 2
11 9.0 26
11 9.0 29
11 4.0 30
11 12.0 4
11 7.0 26
11 9.0 30
11 11.0 16
11 15.0 30
11 1.0 30
10 6.0 29
10 12.0 25
10 22.0 3
10 11.0 20
10 0.0 42
10 6.0 28
10 17.0 0
10 11.0 25
10 3.0 35
10 12.0 6
10 6.0 40
10 11.0 18
10 1.0 36
10 12.0 12
10 9.0 74
10 8.0 29
10 0.0 44
10 0.0 40
10 13.0 49
10 6.0 31
9 1.0 38
9 5.0 27
9 0.0 46
9 13.0 24
9 13.0 6
9 7.0 54
9 30.0 3
9 13.0 12
9 14.0 17
9 20.0 1
9 10.0 27
9 21.0 1
9 13.0 26
9 4.0 36
9 8.0 26
9 19.0 3
9 14.0 6
9 12.0 19
9 9.0 27
9 15.0 4
9 21.0 0
9 7.0 30
9 10.0 31
9 11.0 21
8 12.0 21
8 0.0 75
8 5.0 33
8 16.0 23
8 2.0 53
8 5.0 37
8 11.0 46
8 14.0 47
8 0.0 57
8 8.0 30
8 6.0 27
8 15.0 10
8 5.0 31
8 3.0 37
8 8.0 25
8 11.0 28
8 19.0 0
8 24.0 0
8 13.0 19
8 13.0 9
8 2.0 32
8 15.0 16
8 11.0 47
8 9.0 33
8 10.0 35
8 3.0 50
8 11.0 49
8 4.0 38
8 11.0 33
8 20.0 3
8 13.0 46
8 3.0 33
8 6.0 37
8 6.0 36
8 12.0 31
8 8.0 34
8 13.0 34
8 0.0 58
8 15.0 2
8 13.0 21
7 8.0 63
7 13.0 7
7 15.0 22
7 17.0 9
7 10.0 36
7 9.0 32
7 12.0 41
7 8.0 27
7 24.0 1
7 12.0 28
7 10.0 52
7 16.0 1
7 10.0 34
7 7.0 36
7 10.0 39
7 9.0 37
7 14.0 18
7 6.0 38
7 14.0 3
7 9.0 57
7 11.0 32
7 13.0 8
7 15.0 3
7 5.0 30
7 16.0 8
7 6.0 45
7 17.0 3
7 15.0 8
7 16.0 3
7 7.0 32
7 15.0 11
7 0.0 45
7 7.0 31
7 14.0 10
7 12.0 49
6 20.0 2
6 26.0 4
6 16.0 9
6 6.0 39
6 0.0 49
6 23.0 0
6 0.0 52
6 9.0 25
6 10.0 25
6 6.0 41
6 16.0 2
6 1.0 41
6 14.0 2
6 0.0 60
6 8.0 43
6 14.0 22
6 6.0 34
6 4.0 50
6 5.0 35
6 5.0 46
6 13.0 22
6 19.0 5
6 11.0 37
6 9.0 31
6 2.0 44
6 17.0 17
6 2.0 38
6 2.0 35
6 6.0 51
6 19.0 13
6 14.0 21
6 1.0 47
6 14.0 15
6 41.0 0
6 12.0 16
6 13.0 29
6 3.0 34
6 2.0 39
6 12.0 20
6 14.0 14
6 11.0 34
6 8.0 35
6 15.0 17
6 19.0 9
6 0.0 56
6 23.0 1
6 8.0 46
6 12.0 47
6 2.0 40
6 9.0 28
6 2.0 49
6 1.0 42
6 16.0 14
5 23.0 3
5 8.0 59
5 18.0 16
5 1.0 43
5 10.0 30
5 15.0 6
5 2.0 42
5 1.0 50
5 5.0 43
5 2.0 45
5 11.0 23
5 18.0 2
5 11.0 30
5 14.0 39
5 18.0 22
5 10.0 41
5 13.0 18
5 0.0 61
5 15.0 23
5 15.0 19
5 17.0 22
5 16.0 34
5 6.0 32
5 9.0 49
5 15.0 31
5 18.0 9
5 15.0 35
5 17.0 32
5 15.0 41
5 11.0 27
5 23.0 4
5 5.0 42
5 0.0 55
5 1.0 39
5 8.0 38
5 19.0 6
5 14.0 37
5 13.0 37
5 14.0 20
5 0.0 80
5 15.0 7
5 15.0 28
5 12.0 101
5 10.0 28
5 14.0 28
5 10.0 77
5 0.0 47
5 17.0 4
5 3.0 47
5 11.0 26
5 14.0 27
5 13.0 17
5 5.0 41
5 25.0 1
5 4.0 46
5 18.0 20
5 12.0 26
5 14.0 31
5 20.0 7
5 13.0 13
5 16.0 16
5 13.0 55
5 9.0 42
5 15.0 14
5 16.0 22
5 14.0 11
5 19.0 39
5 11.0 45
5 8.0 44
5 21.0 31
5 2.0 36
5 1.0 54
5 13.0 16
5 4.0 40
5 13.0 23
5 21.0 6
4 11.0 92
4 13.0 31
4 18.0 19
4 10.0 40
4 5.0 40
4 10.0 42
4 14.0 12
4 3.0 51
4 15.0 51
4 12.0 43
4 10.0 32
4 9.0 38
4 14.0 41
4 18.0 36
4 14.0 9
4 8.0 39
4 17.0 44
4 7.0 44
4 3.0 41
4 9.0 54
4 11.0 29
4 12.0 36
4 5.0 45
4 14.0 25
4 4.0 35
4 6.0 68
4 14.0 13
4 12.0 55
4 15.0 21
4 3.0 40
4 16.0 21
4 9.0 44
4 11.0 31
4 10.0 57
4 19.0 28
4 15.0 29
4 14.0 24
4 12.0 37
4 12.0 32
4 14.0 7
4 13.0 20
4 19.0 2
4 2.0 81
4 14.0 49
4 12.0 38
4 3.0 38
4 6.0 33
4 10.0 81
4 1.0 37
4 18.0 91
4 17.0 5
4 17.0 20
4 5.0 39
4 4.0 49
4 11.0 35
4 0.0 62
4 11.0 81
4 13.0 50
4 18.0 50
4 14.0 43
4 16.0 19
4 5.0 47
4 19.0 20
4 9.0 40
4 8.0 42
4 12.0 35
4 17.0 39
4 11.0 63
4 7.0 45
4 14.0 29
4 16.0 6
4 16.0 17
4 5.0 55
4 19.0 12
4 16.0 47
4 0.0 92
4 17.0 15
4 13.0 41
4 9.0 47
4 8.0 36
4 18.0 27
4 13.0 61
4 10.0 47
4 5.0 62
4 1.0 55
4 23.0 2
4 24.0 3
4 7.0 34
4 14.0 30
4 4.0 37
4 12.0 40
4 1.0 62
4 8.0 37
4 17.0 21
4 0.0 59
4 7.0 40
4 12.0 24
3 1.0 94
3 16.0 38
3 19.0 8
3 4.0 51
3 4.0 65
3 45.0 0
3 15.0 24
3 3.0 52
3 20.0 43
3 42.0 14
3 20.0 34
3 10.0 83
3 0.0 136
3 1.0 78
3 9.0 70
3 15.0 27
3 20.0 23
3 14.0 52
3 18.0 40
3 13.0 53
3 11.0 43
3 16.0 7
3 17.0 10
3 1.0 44
3 14.0 119
3 40.0 6
3 2.0 58
3 27.0 3
3 5.0 65
3 8.0 48
3 16.0 28
3 10.0 53
3 1.0 65
3 30.0 5
3 20.0 19
3 21.0 36
3 21.0 25
3 0.0 103
3 17.0 7
3 8.0 53
3 53.0 0
3 7.0 83
3 18.0 18
3 48.0 62
3 7.0 49
3 11.0 41
3 14.0 93
3 48.0 76
3 17.0 37
3 20.0 6
3 13.0 28
3 14.0 36
3 16.0 106
3 0.0 97
3 8.0 56
3 17.0 59
3 25.0 0
3 16.0 10
3 9.0 35
3 20.0 13
3 10.0 75
3 15.0 38
3 13.0 25
3 13.0 30
3 14.0 34
3 3.0 61
3 5.0 60
3 14.0 32
3 6.0 54
3 9.0 48
3 16.0 43
3 15.0 40
3 0.0 66
3 18.0 1
3 9.0 36
3 21.0 28
3 18.0 21
3 8.0 31
3 11.0 40
3 16.0 13
3 17.0 35
3 19.0 34
3 18.0 4
3 12.0 29
3 11.0 38
3 15.0 12
3 31.0 23
3 10.0 37
3 18.0 7
3 2.0 60
3 28.0 19
3 21.0 40
3 16.0 33
3 15.0 18
3 14.0 54
3 0.0 54
3 0.0 77
3 19.0 17
3 1.0 79
3 18.0 32
3 14.0 72
3 4.0 57
3 16.0 26
3 2.0 62
3 11.0 36
3 4.0 47
3 17.0 11
3 10.0 56
3 8.0 47
3 15.0 26
3 6.0 56
3 14.0 48
3 14.0 46
3 1.0 40
3 13.0 33
3 22.0 1
3 3.0 48
3 16.0 72
3 9.0 34
3 4.0 53
3 2.0 74
3 7.0 42
3 9.0 92
3 8.0 52
3 2.0 46
3 14.0 26
3 13.0 62
3 22.0 30
3 16.0 30
3 0.0 41
3 15.0 13
3 6.0 35
3 17.0 41
3 12.0 27
3 25.0 3
3 17.0 33
3 0.0 53
3 2.0 51
3 21.0 2
3 11.0 53
3 8.0 51
3 20.0 11
3 6.0 43
3 15.0 33
3 0.0 48
3 7.0 60
3 16.0 58
3 15.0 25
3 12.0 74
3 23.0 19
3 12.0 33
3 5.0 52
3 0.0 172
3 34.0 3
3 7.0 47
3 17.0 50
3 6.0 55
3 17.0 25
3 28.0 3
3 10.0 33
3 1.0 100
3 11.0 68
3 22.0 5
3 10.0 48
3 2.0 54
3 12.0 45
3 22.0 22
3 2.0 132
3 8.0 66
3 3.0 46
3 16.0 36
3 4.0 54
3 19.0 25
3 49.0 3
3 18.0 13
3 15.0 15
3 12.0 63
3 20.0 41
3 2.0 43
3 4.0 45
3 24.0 11
3 11.0 48
3 1.0 73
3 0.0 84
3 18.0 23
2 23.0 22
2 6.0 49
2 31.0 13
2 26.0 25
2 14.0 110
2 15.0 64
2 22.0 44
2 16.0 108
2 17.0 12
2 19.0 57
2 15.0 119
2 12.0 44
2 0.0 73
2 19.0 22
2 19.0 52
2 14.0 57
2 19.0 31
2 15.0 101
2 16.0 55
2 17.0 64
2 0.0 69
2 9.0 61
2 0.0 79
2 1.0 83
2 11.0 56
2 12.0 79
2 32.0 5
2 14.0 60
2 34.0 31
2 11.0 65
2 21.0 58
2 18.0 12
2 6.0 71
2 16.0 12
2 2.0 77
2 12.0 86
2 19.0 16
2 1.0 70
2 35.0 6
2 62.0 0
2 15.0 45
2 20.0 31
2 22.0 29
2 21.0 102
2 18.0 28
2 0.0 86
2 12.0 56
2 12.0 70
2 13.0 79
2 12.0 77
2 6.0 66
2 6.0 58
2 6.0 61
2 22.0 80
2 44.0 5
2 21.0 11
2 17.0 19
2 3.0 44
2 9.0 62
2 13.0 39
2 36.0 76
2 6.0 76
2 22.0 13
2 21.0 54
2 25.0 55
2 3.0 57
2 32.0 145
2 2.0 88
2 8.0 89
2 23.0 5
2 23.0 54
2 19.0 41
2 27.0 6
2 38.0 7
2 4.0 61
2 33.0 0
2 20.0 39
2 28.0 0
2 13.0 106
2 19.0 46
2 8.0 40
2 15.0 43
2 19.0 35
2 13.0 56
2 8.0 55
2 1.0 138
2 12.0 23
2 14.0 35
2 0.0 147
2 21.0 4
2 15.0 42
2 13.0 32
2 2.0 68
2 5.0 51
2 9.0 69
2 18.0 5
2 7.0 39
2 8.0 41
2 7.0 48
2 7.0 41
2 27.0 0
2 14.0 23
2 22.0 54
2 14.0 53
2 25.0 26
2 2.0 70
2 11.0 83
2 0.0 68
2 16.0 62
2 16.0 40
2 17.0 34
2 49.0 14
2 7.0 53
2 14.0 42
2 3.0 49
2 23.0 59
2 10.0 51
2 19.0 19
2 8.0 45
2 21.0 10
2 17.0 13
2 3.0 58
2 43.0 3
2 1.0 57
2 4.0 96
2 0.0 64
2 16.0 27
2 21.0 22
2 13.0 27
2 1.0 49
2 26.0 3
2 15.0 56
2 10.0 46
2 21.0 26
2 19.0 1
2 0.0 70
2 15.0 57
2 10.0 49
2 22.0 11
2 8.0 58
2 12.0 83
2 18.0 15
2 3.0 45
2 29.0 3
2 1.0 58
2 11.0 109
2 21.0 34
2 30.0 73
2 13.0 44
2 9.0 82
2 19.0 49
2 0.0 51
2 36.0 73
2 4.0 43
2 13.0 43
2 19.0 30
2 10.0 45
2 2.0 96
2 16.0 60
2 18.0 35
2 4.0 63
2 33.0 3
2 16.0 11
2 19.0 26
2 29.0 56
2 71.0 5
2 19.0 105
2 3.0 71
2 20.0 59
2 19.0 33
2 31.0 14
2 22.0 66
2 20.0 17
2 81.0 11
2 22.0 16
2 2.0 56
2 14.0 63
2 21.0 182
2 20.0 5
2 25.0 12
2 19.0 4
2 10.0 38
2 6.0 89
2 7.0 125
2 34.0 5
2 26.0 30
2 26.0 21
2 3.0 99
2 13.0 110
2 28.0 209
2 12.0 62
2 51.0 5
2 80.0 34
2 3.0 76
2 25.0 218
2 16.0 61
2 9.0 52
2 4.0 59
2 21.0 100
2 18.0 83
2 22.0 2
2 23.0 41
2 40.0 30
2 23.0 39
2 14.0 153
2 16.0 52
2 9.0 51
2 16.0 29
2 7.0 74
2 17.0 2
2 13.0 36
2 19.0 24
2 47.0 13
2 12.0 53
2 24.0 18
2 14.0 45
2 17.0 42
2 16.0 18
2 7.0 35
2 2.0 61
2 27.0 4
2 9.0 65
2 7.0 33
2 6.0 63
2 2.0 57
2 48.0 5
2 29.0 0
2 15.0 39
2 10.0 43
2 23.0 11
2 3.0 42
2 20.0 4
2 37.0 4
2 0.0 71
2 16.0 15
2 16.0 32
2 6.0 53
2 9.0 46
2 12.0 39
2 5.0 80
2 19.0 164
2 14.0 19
2 23.0 13
2 18.0 17
2 16.0 51
2 18.0 54
2 7.0 43
2 11.0 100
2 38.0 0
2 13.0 104
2 11.0 54
2 1.0 102
2 13.0 117
2 19.0 54
2 12.0 30
2 14.0 44
2 16.0 46
2 22.0 4
2 2.0 82
2 3.0 106
2 5.0 81
2 17.0 23
2 7.0 38
2 21.0 71
2 18.0 25
2 20.0 12
2 21.0 92
2 10.0 63
2 17.0 82
2 35.0 12
2 21.0 20
2 3.0 79
2 23.0 68
2 11.0 50
2 3.0 64
2 18.0 52
2 12.0 61
2 29.0 4
2 2.0 73
2 10.0 71
2 17.0 73
2 18.0 31
2 12.0 66
2 28.0 62
2 36.0 0
2 7.0 71
2 6.0 46
2 11.0 71
2 22.0 7
2 19.0 44
2 17.0 30
2 12.0 34
2 13.0 92
2 19.0 74
2 17.0 89
2 39.0 3
2 0.0 153
2 21.0 35
2 20.0 28
2 16.0 25
2 4.0 42
2 1.0 48
2 20.0 46
2 14.0 64
2 8.0 57
2 3.0 56
2 5.0 91
2 8.0 85
2 17.0 27
2 8.0 62
2 8.0 50
2 25.0 4
2 21.0 7
2 19.0 61
2 15.0 81
2 18.0 88
2 12.0 88
2 1.0 60
2 4.0 71
2 25.0 48
2 21.0 23
2 14.0 33
2 35.0 11
2 5.0 58
2 0.0 120
2 10.0 55
2 3.0 87
2 13.0 77
2 5.0 49
2 5.0 44
2 0.0 67
2 8.0 61
1 7.0 99
1 22.0 83
1 21.0 8
1 14.0 113
1 11.0 52
1 15.0 71
1 18.0 30
1 15.0 73
1 16.0 88
1 24.0 2
1 31.0 5
1 34.0 1
1 20.0 15
1 5.0 61
1 17.0 46
1 19.0 11
1 11.0 60
1 23.0 30
1 20.0 83
1 18.0 11
1 36.0 6
1 18.0 48
1 14.0 66
1 14.0 82
1 14.0 116
1 22.0 73
1 27.0 44
1 82.0 4
1 6.0 74
1 21.0 42
1 11.0 51
1 6.0 44
1 29.0 38
1 19.0 72
1 22.0 50
1 31.0 6
1 63.0 3
1 6.0 178
1 22.0 6
1 15.0 37
1 26.0 5
1 22.0 46
1 35.0 3
1 2.0 108
1 6.0 92
1 23.0 36
1 11.0 44
1 26.0 8
1 20.0 21
1 31.0 36
1 21.0 61
1 26.0 29
1 16.0 37
1 34.0 48
1 7.0 92
1 14.0 51
1 28.0 4
1 27.0 7
1 20.0 22
1 27.0 10
1 31.0 12
1 2.0 65
1 24.0 39
1 24.0 4
1 25.0 10
1 54.0 4
1 19.0 50
1 12.0 60
1 33.0 66
1 19.0 14
1 25.0 59
1 32.0 59
1 2.0 48
1 5.0 57
1 23.0 92
1 14.0 77
1 25.0 19
1 16.0 41
1 10.0 91
1 25.0 8
1 17.0 53
1 19.0 58
1 31.0 108
1 23.0 17
1 26.0 17
1 30.0 9
1 67.0 3
1 23.0 32
1 2.0 69
1 14.0 256
1 37.0 3
1 33.0 59
1 13.0 59
1 22.0 20
1 11.0 59
1 10.0 87
1 22.0 68
1 17.0 84
1 5.0 54
1 2.0 47
1 18.0 86
1 11.0 74
1 19.0 63
1 1.0 93
1 28.0 59
1 23.0 47
1 24.0 13
1 19.0 73
1 70.0 11
1 14.0 70
1 32.0 13
1 13.0 65
1 24.0 30
1 33.0 15
1 9.0 76
1 12.0 51
1 25.0 51
1 33.0 5
1 24.0 6
1 11.0 88
1 4.0 133
1 9.0 78
1 20.0 71
1 21.0 46
1 36.0 71
1 21.0 32
1 37.0 120
1 28.0 1
1 36.0 3
1 23.0 6
1 4.0 67
1 17.0 77
1 1.0 53
1 22.0 35
1 7.0 37
1 23.0 12
1 26.0 0
1 36.0 1
1 19.0 59
1 15.0 84
1 26.0 49
1 18.0 49
1 18.0 63
1 24.0 33
1 20.0 25
1 31.0 1
1 24.0 23
1 16.0 69
1 35.0 2
1 23.0 8
1 19.0 79
1 15.0 69
1 2.0 79
1 21.0 63
1 20.0 80
1 29.0 42
1 34.0 12
1 22.0 48
1 3.0 92
1 4.0 69
1 9.0 130
1 19.0 56
1 25.0 49
1 80.0 8
1 22.0 15
1 22.0 26
1 47.0 0
1 18.0 14
1 22.0 49
1 15.0 72
1 13.0 115
1 21.0 9
1 20.0 47
1 29.0 41
1 9.0 59
1 3.0 220
1 89.0 21
1 7.0 267
1 41.0 151
1 29.0 20
1 38.0 78
1 7.0 148
1 45.0 28
1 18.0 153
1 23.0 104
1 106.0 457
1 42.0 433
1 18.0 109
1 38.0 220
1 23.0 28
1 28.0 41
1 22.0 137
1 37.0 195
1 57.0 3
1 22.0 94
1 17.0 146
1 3.0 128
1 41.0 35
1 31.0 0
1 99.0 10
1 19.0 128
1 5.0 125
1 3.0 60
1 95.0 1
1 75.0 195
1 44.0 61
1 66.0 6
1 51.0 35
1 55.0 41
1 41.0 55
1 18.0 240
1 16.0 174
1 3.0 155
1 32.0 77
1 21.0 79
1 52.0 19
1 125.0 18
1 31.0 110
1 26.0 100
1 27.0 46
1 15.0 122
1 69.0 18
1 93.0 3
1 23.0 89
1 32.0 58
1 37.0 233
1 35.0 19
1 4.0 119
1 7.0 102
1 80.0 7
1 47.0 74
1 27.0 110
1 20.0 147
1 32.0 272
1 19.0 70
1 48.0 58
1 49.0 94
1 3.0 78
1 9.0 102
1 32.0 125
1 43.0 91
1 18.0 47
1 17.0 104
1 35.0 67
1 21.0 150
1 53.0 241
1 1.0 99
1 47.0 3
1 3.0 172
1 54.0 5
1 24.0 54
1 55.0 23
1 17.0 120
1 31.0 78
1 11.0 134
1 4.0 178
1 19.0 148
1 89.0 679
1 33.0 69
1 9.0 117
1 6.0 64
1 24.0 74
1 29.0 248
1 37.0 27
1 28.0 70
1 21.0 171
1 20.0 73
1 10.0 135
1 124.0 16
1 26.0 68
1 62.0 133
1 72.0 20
1 118.0 8
1 8.0 108
1 15.0 200
1 112.0 20
1 119.0 8
1 18.0 260
1 33.0 32
1 12.0 54
1 43.0 166
1 36.0 35
1 64.0 19
1 50.0 0
1 73.0 12
1 22.0 178
1 1.0 180
1 25.0 194
1 5.0 174
1 38.0 59
1 18.0 67
1 44.0 76
1 10.0 94
1 20.0 97
1 20.0 118
1 8.0 179
1 56.0 63
1 34.0 83
1 34.0 47
1 23.0 73
1 26.0 84
1 26.0 20
1 32.0 162
1 59.0 119
1 16.0 82
1 24.0 192
1 17.0 72
1 52.0 294
1 36.0 181
1 127.0 11
1 8.0 96
1 5.0 69
1 32.0 107
1 37.0 119
1 141.0 10
1 25.0 406
1 3.0 197
1 18.0 312
1 0.0 132
1 65.0 11
1 100.0 8
1 31.0 37
1 94.0 17
1 22.0 229
1 15.0 47
1 24.0 37
1 20.0 37
1 15.0 103
1 2.0 113
1 18.0 131
1 102.0 18
1 33.0 12
1 13.0 86
1 50.0 94
1 2.0 171
1 0.0 253
1 11.0 108
1 5.0 240
1 68.0 98
1 58.0 70
1 1.0 52
1 31.0 258
1 46.0 152
1 35.0 4
1 70.0 9
1 33.0 55
1 14.0 254
1 62.0 150
1 106.0 31
1 37.0 334
1 26.0 7
1 0.0 1561
1 38.0 41
1 43.0 73
1 28.0 12
1 137.0 0
1 6.0 181
1 23.0 14
1 46.0 20
1 50.0 134
1 22.0 47
1 8.0 159
1 14.0 115
1 28.0 57
1 23.0 120
1 45.0 220
1 4.0 315
1 0.0 501
1 35.0 122
1 27.0 5
1 52.0 68
1 7.0 86
1 80.0 84
1 74.0 176
1 20.0 171
1 4.0 135
1 30.0 25
1 26.0 54
1 25.0 21
1 42.0 51
1 27.0 64
1 60.0 6
1 12.0 135
1 47.0 57
1 37.0 71
1 82.0 3
1 31.0 190
1 36.0 5
1 58.0 5
1 22.0 24
1 32.0 32
1 41.0 200
1 49.0 63
1 20.0 82
1 22.0 82
1 118.0 38
1 43.0 39
1 21.0 129
1 16.0 128
1 62.0 37
1 143.0 8
1 96.0 31
1 33.0 347
1 41.0 124
1 39.0 14
1 9.0 132
1 14.0 364
1 67.0 36
1 11.0 211
1 1.0 120
1 108.0 15
1 18.0 55
1 18.0 39
1 32.0 11
1 74.0 18
1 25.0 60
1 83.0 13
1 16.0 199
1 71.0 94
1 24.0 89
1 33.0 82
1 42.0 159
1 56.0 37
1 9.0 72
1 4.0 83
1 62.0 3
1 36.0 221
1 28.0 90
1 18.0 212
1 37.0 42
1 9.0 254
1 48.0 6
1 9.0 105
1 24.0 146
1 19.0 85
1 34.0 222
1 77.0 5
1 47.0 204
1 30.0 54
1 41.0 14
1 19.0 178
1 43.0 52
1 14.0 75
1 42.0 2
1 4.0 44
1 19.0 81
1 26.0 41
1 44.0 8
1 111.0 17
1 29.0 25
1 17.0 79
1 32.0 37
1 9.0 80
1 25.0 16
1 20.0 166
1 9.0 112
1 58.0 0
1 49.0 58
1 10.0 99
1 28.0 85
1 10.0 116
1 22.0 51
1 37.0 1
1 16.0 31
1 21.0 83
1 18.0 72
1 30.0 50
1 7.0 67
1 66.0 1
1 20.0 10
1 1.0 59
1 22.0 33
1 7.0 78
1 70.0 3
1 17.0 56
1 23.0 10
1 3.0 94
1 33.0 61
1 16.0 97
1 26.0 91
1 37.0 12
1 55.0 67
1 223.0 0
1 0.0 1482
1 7.0 4389
1 49.0 8
1 41.0 6
1 34.0 10
1 132.0 15
1 13.0 48
1 12.0 95
1 94.0 12
1 27.0 27
1 10.0 44
1 24.0 25
1 10.0 89
1 17.0 98
1 79.0 11
1 26.0 15
1 15.0 97
1 20.0 67
1 6.0 84
1 33.0 17
1 18.0 62
1 17.0 126
1 8.0 113
1 21.0 44
1 16.0 123
1 2.0 167
1 20.0 16
1 9.0 66
1 30.0 0
1 29.0 60
1 8.0 73
1 17.0 48
1 25.0 45
1 23.0 76
1 37.0 8
1 13.0 83
1 8.0 105
1 20.0 50
1 6.0 93
1 26.0 10
1 1.0 89
1 7.0 63
1 10.0 50
1 0.0 125
1 23.0 86
1 35.0 22
1 21.0 174
1 23.0 65
1 6.0 87
1 44.0 0
1 26.0 97
1 31.0 75
1 38.0 3
1 23.0 107
1 4.0 100
1 18.0 121
1 22.0 38
1 0.0 144
1 81.0 8
1 40.0 3
1 20.0 56
1 30.0 32
1 90.0 4
1 3.0 82
1 28.0 16
1 17.0 108
1 12.0 109
1 23.0 62
1 24.0 8
1 54.0 9
1 49.0 67
1 4.0 93
1 42.0 47
1 15.0 61
1 13.0 67
1 42.0 155
1 1.0 124
1 25.0 6
1 8.0 69
1 17.0 93
1 28.0 52
1 11.0 90
1 21.0 88
1 27.0 9
1 5.0 76
1 7.0 122
1 28.0 6
1 3.0 75
1 2.0 117
1 4.0 56
1 0.0 65
1 24.0 81
1 101.0 729
1 1.0 86
1 203.0 13
1 27.0 69
1 72.0 0
1 21.0 194
1 52.0 5
1 0.0 360
1 63.0 13
1 40.0 109
1 37.0 53
1 17.0 14
1 14.0 608
1 18.0 142
1 9.0 68
1 26.0 48
1 26.0 2
1 27.0 21
1 11.0 61
1 110.0 590
1 6.0 73
1 4.0 146
1 6.0 123
1 12.0 163
1 2.0 71
1 144.0 22
1 21.0 50
1 22.0 17
1 17.0 248
1 32.0 88
1 22.0 75
1 24.0 32
1 31.0 7
1 22.0 103
1 12.0 82
1 27.0 76
1 49.0 27
1 6.0 137
1 42.0 7
1 25.0 11
1 59.0 137
1 47.0 86
1 34.0 16
1 14.0 81
1 2.0 90
1 0.0 240
1 24.0 101
1 76.0 197
1 46.0 8
1 22.0 55
1 24.0 133
1 18.0 118
1 32.0 3
1 10.0 121
1 124.0 1
1 8.0 76
1 69.0 3
1 80.0 23
1 30.0 36
1 17.0 234
1 63.0 5
1 1.0 56
1 4.0 41
1 90.0 8
1 28.0 193
1 27.0 35
1 15.0 66
1 71.0 17
1 16.0 91
1 7.0 95
1 31.0 463
1 37.0 1206
1 15.0 110
1 11.0 116
1 97.0 5
1 79.0 3
1 36.0 13
1 25.0 25
1 51.0 13
1 67.0 1
1 0.0 113
1 7.0 109
1 33.0 184
1 41.0 48
1 16.0 206
1 49.0 1
1 16.0 137
1 21.0 64
1 26.0 36
1 12.0 173
1 111.0 12
1 24.0 44
1 132.0 10
1 97.0 13
1 8.0 91
1 32.0 152
1 2.0 67
1 42.0 166
1 26.0 75
1 32.0 25
1 16.0 66
1 65.0 3
1 12.0 105
1 23.0 45
1 28.0 48
1 27.0 12
1 22.0 41
1 43.0 63
1 14.0 108
1 7.0 136
1 2.0 105
1 44.0 3
1 62.0 13
1 30.0 10
1 34.0 33
1 32.0 134
1 25.0 40
1 0.0 165
1 33.0 90
1 23.0 176
1 1.0 105
1 6.0 114
1 21.0 109
1 3.0 55
1 42.0 249
1 3.0 115
1 3.0 189
1 20.0 105
1 25.0 53
1 23.0 34
1 29.0 33
1 1.0 753
1 16.0 182
1 25.0 68
1 10.0 70
