loc hsd count
95.0 21 1
73.0 17 1
86.0 82 1
92.0 28 1
27.0 43 1
98.0 27 1
56.0 44 1
131.0 19 1
76.0 24 1
125.0 36 1
79.0 38 1
186.0 31 1
88.0 24 1
117.0 36 1
51.0 33 1
92.0 23 1
14.0 33 1
23.0 52 1
61.0 13 1
205.0 40 1
64.0 7 1
62.0 54 1
207.0 20 1
13.0 29 1
75.0 23 1
215.0 27 1
63.0 31 1
50.0 36 1
60.0 40 1
25.0 45 1
191.0 40 1
35.0 8 1
73.0 24 1
31.0 26 1
32.0 35 1
53.0 31 1
65.0 29 1
56.0 32 1
9.0 3 1
230.0 42 1
99.0 18 1
36.0 27 1
113.0 31 1
72.0 27 1
42.0 8 1
83.0 12 1
28.0 42 1
95.0 31 1
131.0 26 1
35.0 7 1
24.0 27 1
121.0 30 1
9.0 29 1
68.0 35 1
96.0 23 1
81.0 20 1
74.0 52 1
44.0 59 1
69.0 13 1
99.0 27 1
164.0 40 1
77.0 18 1
53.0 14 1
28.0 36 1
44.0 28 1
57.0 21 1
32.0 41 1
44.0 50 1
15.0 27 1
68.0 43 1
131.0 58 1
30.0 29 1
22.0 30 1
45.0 35 1
92.0 50 1
200.0 106 1
64.0 18 1
6.0 4 1
94.0 23 1
34.0 59 1
144.0 24 1
40.0 26 1
146.0 46 1
107.0 40 1
59.0 41 1
107.0 34 1
87.0 44 1
81.0 26 1
240.0 32 1
37.0 46 1
75.0 38 1
27.0 7 1
46.0 39 1
39.0 61 1
92.0 45 1
2.0 8 1
94.0 15 1
55.0 30 1
33.0 5 1
140.0 31 1
85.0 30 1
158.0 57 1
56.0 38 1
39.0 35 1
77.0 25 1
118.0 37 1
23.0 28 1
99.0 15 1
42.0 42 1
47.0 44 1
95.0 32 1
110.0 29 1
36.0 32 1
64.0 33 1
128.0 32 1
109.0 51 1
214.0 58 1
72.0 31 1
5.0 17 1
67.0 8 1
61.0 24 1
209.0 14 1
49.0 52 1
73.0 56 1
23.0 4 1
59.0 11 1
60.0 13 1
90.0 20 1
82.0 79 1
26.0 26 1
123.0 74 1
25.0 39 1
119.0 29 1
47.0 13 1
92.0 20 1
126.0 35 1
14.0 28 1
104.0 17 1
124.0 32 1
102.0 23 1
19.0 6 1
124.0 55 1
222.0 32 1
106.0 28 1
132.0 50 1
89.0 33 1
58.0 28 1
61.0 27 1
4.0 18 1
60.0 30 1
68.0 16 1
308.0 9 1
83.0 30 1
91.0 56 1
141.0 24 1
38.0 63 1
637.0 86 1
10.0 31 1
39.0 50 1
213.0 53 1
65.0 32 1
39.0 36 1
68.0 45 1
110.0 41 1
62.0 42 1
58.0 15 1
53.0 58 1
63.0 9 1
183.0 33 1
31.0 21 1
736.0 103 1
52.0 10 1
77.0 41 1
15.0 37 1
41.0 10 1
127.0 18 1
62.0 15 1
88.0 43 1
115.0 51 1
72.0 40 1
8.0 36 1
29.0 40 1
86.0 37 1
134.0 35 1
128.0 24 1
122.0 33 1
107.0 51 1
134.0 34 1
19.0 0 1
56.0 33 1
85.0 19 1
53.0 18 1
58.0 27 1
25.0 49 1
8.0 34 1
131.0 41 1
18.0 4 1
6.0 3 1
55.0 22 1
47.0 38 1
28.0 33 1
138.0 41 1
80.0 21 1
40.0 70 1
42.0 40 1
55.0 28 1
38.0 37 1
109.0 32 1
118.0 35 1
44.0 40 1
43.0 9 1
128.0 25 1
50.0 28 1
78.0 42 1
98.0 23 1
57.0 39 1
34.0 36 1
111.0 24 1
88.0 33 1
308.0 6 1
28.0 57 1
1958.0 45 1
88.0 20 1
29.0 26 1
32.0 26 1
84.0 33 1
35.0 38 1
15.0 31 1
45.0 26 1
84.0 26 1
3.0 20 1
68.0 50 1
131.0 28 1
165.0 25 1
586.0 82 1
108.0 27 1
161.0 45 1
32.0 68 1
46.0 47 1
60.0 34 1
87.0 28 1
16.0 31 1
84.0 22 1
51.0 22 1
93.0 29 1
11.0 30 1
123.0 29 1
60.0 48 1
21.0 43 1
63.0 37 1
76.0 15 1
242.0 65 1
41.0 42 1
13.0 34 1
104.0 39 1
80.0 42 1
20.0 39 1
84.0 24 1
106.0 25 1
112.0 30 1
29.0 31 1
44.0 12 1
96.0 33 1
35.0 37 1
19.0 24 1
110.0 38 1
156.0 31 1
61.0 33 1
167.0 46 1
351.0 94 1
642.0 91 1
49.0 38 1
130.0 36 1
227.0 36 1
17.0 31 1
412.0 36 1
23.0 33 1
94.0 29 1
70.0 32 1
181.0 32 1
84.0 48 1
100.0 30 1
108.0 29 1
607.0 90 1
95.0 25 1
7.0 22 1
99.0 70 1
12.0 40 1
69.0 25 1
28.0 6 1
207.0 52 1
447.0 76 1
45.0 60 1
113.0 54 1
79.0 40 1
38.0 32 1
45.0 50 1
41.0 12 1
50.0 0 1
31.0 31 1
73.0 29 1
276.0 52 1
75.0 20 1
43.0 60 1
94.0 31 1
74.0 15 1
78.0 19 1
66.0 15 1
162.0 3 1
60.0 44 1
5.0 24 1
53.0 8 1
107.0 21 1
13.0 44 1
417.0 73 1
65.0 21 1
71.0 17 1
34.0 46 1
30.0 38 1
34.0 39 1
68.0 34 1
75.0 63 1
165.0 31 1
81.0 57 1
36.0 33 1
52.0 25 1
94.0 33 1
68.0 39 1
54.0 35 1
12.0 23 1
104.0 26 1
14.0 36 1
104.0 32 1
147.0 28 1
142.0 45 1
80.0 16 1
120.0 52 1
64.0 34 1
128.0 39 1
74.0 22 1
47.0 34 1
37.0 56 1
89.0 20 1
118.0 51 1
97.0 25 1
103.0 19 1
90.0 22 1
14.0 47 1
91.0 30 1
33.0 4 1
202.0 49 1
114.0 32 1
7.0 32 1
37.0 10 1
5.0 26 1
123.0 16 1
44.0 45 1
39.0 8 1
41.0 37 1
40.0 34 1
92.0 18 1
128.0 45 1
103.0 28 1
125.0 63 1
91.0 38 1
41.0 25 1
243.0 52 1
48.0 8 1
104.0 13 1
415.0 37 1
103.0 30 1
158.0 35 1
52.0 49 1
101.0 38 1
23.0 40 1
67.0 46 1
89.0 29 1
68.0 13 1
49.0 8 1
70.0 13 1
74.0 41 1
6.0 24 1
52.0 7 1
47.0 24 1
66.0 26 1
63.0 21 1
68.0 52 1
31.0 4 1
143.0 18 1
11.0 38 1
180.0 97 1
3.0 28 1
55.0 34 1
144.0 41 1
47.0 41 1
51.0 29 1
34.0 0 1
6.0 27 2
114.0 40 2
104.0 24 2
34.0 29 2
74.0 40 2
318.0 121 2
48.0 22 2
30.0 9 2
66.0 24 2
14.0 30 2
66.0 14 2
35.0 25 2
12.0 33 2
161.0 54 2
66.0 45 2
108.0 26 2
16.0 35 2
32.0 33 2
91.0 33 2
64.0 31 2
44.0 34 2
22.0 27 2
54.0 39 2
113.0 25 2
76.0 17 2
44.0 14 2
83.0 23 2
33.0 37 2
72.0 24 2
18.0 38 2
64.0 20 2
70.0 16 2
27.0 34 2
106.0 32 2
76.0 45 2
126.0 23 2
22.0 47 2
74.0 18 2
44.0 32 2
54.0 21 2
103.0 21 2
11.0 22 2
52.0 50 2
42.0 34 2
6.0 26 2
70.0 24 2
77.0 21 2
82.0 44 2
35.0 30 2
170.0 38 2
108.0 75 2
134.0 81 2
138.0 52 2
40.0 5 2
34.0 5 2
71.0 41 2
87.0 46 2
27.0 4 2
78.0 24 2
143.0 22 2
12.0 30 2
42.0 5 2
70.0 20 2
156.0 39 2
68.0 31 2
39.0 10 2
19.0 13 2
69.0 40 2
122.0 47 2
70.0 23 2
95.0 36 2
38.0 36 2
25.0 29 2
258.0 82 2
82.0 21 2
23.0 26 2
115.0 16 2
7.0 3 2
71.0 26 2
38.0 45 2
160.0 40 2
41.0 8 2
32.0 18 2
145.0 43 2
45.0 55 2
364.0 51 2
48.0 38 2
15.0 21 2
27.0 41 2
95.0 34 2
78.0 27 2
53.0 43 2
74.0 24 2
797.0 92 2
10.0 40 2
44.0 7 2
64.0 23 2
80.0 20 2
16.0 28 2
5.0 22 2
149.0 23 2
15.0 30 2
97.0 44 2
335.0 45 2
55.0 29 2
48.0 25 2
27.0 27 2
20.0 142 2
42.0 32 2
49.0 30 2
56.0 28 2
56.0 50 2
101.0 14 2
215.0 54 2
11.0 4 2
40.0 56 2
48.0 19 2
147.0 58 2
186.0 43 2
31.0 37 2
90.0 26 2
18.0 37 2
118.0 33 2
66.0 40 2
50.0 23 2
83.0 27 2
77.0 30 2
45.0 12 2
35.0 29 2
89.0 17 2
268.0 67 2
50.0 45 2
16.0 4 2
34.0 28 2
85.0 13 2
22.0 35 2
139.0 96 2
68.0 57 2
127.0 48 2
23.0 6 2
24.0 6 2
60.0 22 2
120.0 27 2
265.0 37 2
69.0 64 2
28.0 30 2
131.0 30 2
30.0 41 2
33.0 15 2
67.0 28 2
79.0 21 2
54.0 41 2
164.0 48 2
21.0 29 2
96.0 21 2
38.0 38 2
42.0 9 2
53.0 27 2
118.0 29 2
157.0 29 2
42.0 23 2
177.0 41 2
111.0 37 2
153.0 39 2
33.0 33 2
48.0 12 2
87.0 42 2
58.0 14 2
1001.0 47 2
73.0 15 2
112.0 35 2
45.0 6 2
51.0 13 2
60.0 38 2
91.0 47 2
69.0 15 2
4.0 22 2
69.0 44 2
186.0 33 2
76.0 23 2
51.0 24 2
47.0 9 2
11.0 28 2
657.0 64 2
52.0 27 2
17.0 5 2
76.0 30 2
86.0 30 2
155.0 51 2
97.0 30 2
71.0 15 2
66.0 20 2
107.0 29 2
81.0 28 2
24.0 42 2
10.0 26 2
81.0 25 2
21.0 35 2
150.0 39 2
102.0 24 2
67.0 35 2
57.0 16 2
28.0 15 2
37.0 29 2
97.0 20 2
73.0 21 2
3.0 10 3
61.0 30 3
31.0 23 3
53.0 25 3
105.0 30 3
129.0 28 3
93.0 35 3
37.0 9 3
67.0 38 3
187.0 31 3
228.0 54 3
70.0 11 3
109.0 22 3
1.0 9 3
243.0 43 3
30.0 5 3
32.0 27 3
221.0 44 3
133.0 37 3
42.0 43 3
52.0 46 3
117.0 41 3
121.0 26 3
36.0 7 3
20.0 23 3
106.0 33 3
52.0 20 3
168.0 17 3
17.0 40 3
42.0 27 3
67.0 20 3
95.0 18 3
56.0 46 3
58.0 12 3
41.0 26 3
37.0 58 3
67.0 15 3
65.0 18 3
54.0 18 3
41.0 29 3
58.0 40 3
91.0 25 3
54.0 28 3
74.0 16 3
139.0 19 3
24.0 31 3
70.0 29 3
84.0 17 3
43.0 32 3
34.0 44 3
63.0 27 3
95.0 30 3
149.0 22 3
31.0 6 3
255.0 30 3
81.0 34 3
49.0 22 3
80.0 24 3
91.0 40 3
34.0 45 3
31.0 39 3
62.0 17 3
49.0 33 3
69.0 21 3
79.0 19 3
79.0 43 3
49.0 21 3
88.0 22 3
116.0 29 3
138.0 25 3
43.0 16 3
68.0 23 3
73.0 19 3
24.0 41 3
26.0 38 3
14.0 45 3
67.0 17 3
109.0 39 3
95.0 29 3
30.0 37 3
57.0 28 3
76.0 28 3
75.0 35 3
41.0 36 3
33.0 28 3
71.0 33 3
30.0 30 3
42.0 80 3
110.0 27 3
33.0 7 3
47.0 53 3
89.0 19 3
25.0 32 3
27.0 37 3
96.0 37 3
26.0 10 3
51.0 41 3
60.0 27 3
92.0 25 3
101.0 21 3
77.0 33 3
103.0 32 3
37.0 26 3
56.0 25 3
75.0 30 3
126.0 39 3
70.0 19 3
60.0 15 3
77.0 22 3
47.0 28 3
62.0 33 3
19.0 33 3
20.0 18 3
53.0 28 3
54.0 14 3
67.0 26 3
59.0 16 3
62.0 16 3
79.0 25 3
65.0 33 4
59.0 32 4
74.0 28 4
121.0 17 4
17.0 28 4
50.0 38 4
28.0 45 4
56.0 9 4
1.0 13 4
65.0 30 4
11.0 26 4
7.0 14 4
84.0 45 4
74.0 27 4
116.0 32 4
44.0 36 4
19.0 31 4
120.0 26 4
90.0 91 4
41.0 34 4
16.0 37 4
86.0 23 4
61.0 32 4
86.0 26 4
66.0 36 4
32.0 25 4
53.0 34 4
75.0 28 4
85.0 18 4
165.0 16 4
123.0 22 4
80.0 28 4
3.0 60 4
22.0 39 4
72.0 14 4
62.0 19 4
115.0 23 4
64.0 16 4
40.0 46 4
121.0 19 4
53.0 17 4
100.0 28 4
25.0 37 4
50.0 18 4
62.0 30 4
74.0 38 4
78.0 34 4
52.0 31 4
115.0 19 4
41.0 43 4
125.0 27 4
64.0 36 4
53.0 41 4
234.0 37 4
28.0 26 4
88.0 18 4
51.0 27 4
38.0 31 4
69.0 19 4
71.0 27 4
120.0 30 4
37.0 28 4
95.0 62 4
77.0 24 4
65.0 24 4
44.0 23 4
55.0 10 4
27.0 16 4
5.0 36 4
31.0 36 4
30.0 48 4
46.0 28 4
25.0 33 4
39.0 25 4
45.0 10 4
54.0 47 4
56.0 11 4
66.0 27 4
62.0 28 4
66.0 47 4
35.0 23 4
15.0 23 4
61.0 17 4
76.0 27 4
31.0 29 4
7.0 4 4
122.0 16 4
56.0 17 4
11.0 36 4
26.0 27 4
25.0 25 4
73.0 25 4
63.0 35 4
152.0 38 4
32.0 30 4
121.0 31 4
13.0 23 4
71.0 21 4
74.0 26 4
175.0 41 4
18.0 5 4
43.0 11 4
31.0 7 4
44.0 10 4
66.0 21 4
36.0 39 4
29.0 7 4
66.0 34 4
19.0 27 4
40.0 29 4
79.0 30 4
34.0 25 4
45.0 31 4
49.0 14 4
177.0 47 4
82.0 27 4
142.0 32 4
22.0 32 4
49.0 17 4
50.0 11 4
3.0 18 4
26.0 36 4
28.0 34 4
30.0 35 4
50.0 13 4
32.0 7 4
78.0 39 4
17.0 19 5
4.0 54 5
3.0 30 5
18.0 33 5
68.0 19 5
53.0 66 5
26.0 4 5
18.0 35 5
30.0 8 5
8.0 24 5
275.0 43 5
66.0 31 5
51.0 18 5
62.0 20 5
7.0 34 5
82.0 17 5
125.0 24 5
57.0 12 5
57.0 25 5
51.0 12 5
74.0 6 5
44.0 26 5
29.0 36 5
52.0 38 5
78.0 18 5
93.0 25 5
55.0 40 5
42.0 7 5
52.0 29 5
71.0 19 5
61.0 15 5
59.0 64 5
34.0 18 5
63.0 12 5
24.0 28 5
63.0 20 5
100.0 45 5
63.0 30 5
20.0 33 5
55.0 21 5
69.0 26 5
49.0 41 5
69.0 23 5
76.0 36 5
85.0 24 5
32.0 38 5
81.0 19 5
15.0 4 5
110.0 28 5
82.0 25 5
2.0 5 5
57.0 14 5
18.0 23 5
43.0 28 5
46.0 6 5
20.0 26 5
53.0 12 5
25.0 21 5
47.0 25 5
7.0 21 5
94.0 18 5
48.0 16 5
48.0 10 5
23.0 20 5
24.0 25 5
85.0 22 5
15.0 25 5
52.0 14 5
56.0 21 5
73.0 28 5
136.0 29 5
82.0 24 5
31.0 14 5
61.0 44 6
43.0 35 6
31.0 45 6
74.0 29 6
8.0 10 6
16.0 22 6
49.0 28 6
75.0 24 6
64.0 24 6
100.0 26 6
17.0 34 6
123.0 32 6
5.0 3 6
54.0 23 6
8.0 29 6
20.0 30 6
102.0 9 6
35.0 28 6
42.0 28 6
20.0 45 6
102.0 30 6
80.0 26 6
17.0 36 6
105.0 25 6
52.0 11 6
47.0 19 6
4.0 36 6
19.0 28 6
48.0 30 6
61.0 16 6
63.0 23 6
146.0 31 6
56.0 30 6
7.0 29 6
47.0 29 6
29.0 13 6
48.0 27 6
50.0 30 6
36.0 11 6
49.0 27 6
32.0 9 6
58.0 18 6
13.0 4 6
39.0 32 6
57.0 19 6
60.0 18 6
43.0 31 6
50.0 5 6
19.0 5 6
65.0 16 6
22.0 5 6
63.0 17 6
46.0 22 6
27.0 28 6
58.0 16 6
45.0 15 6
34.0 31 6
4.0 20 6
49.0 36 6
17.0 26 6
76.0 20 6
58.0 32 6
42.0 24 6
53.0 20 6
82.0 19 6
45.0 33 7
58.0 34 7
41.0 31 7
20.0 28 7
18.0 59 7
141.0 48 7
38.0 41 7
33.0 9 7
67.0 16 7
37.0 31 7
38.0 10 7
48.0 0 7
102.0 18 7
78.0 22 7
55.0 18 7
28.0 27 7
32.0 10 7
8.0 28 7
75.0 22 7
19.0 30 7
46.0 32 7
36.0 8 7
59.0 22 7
62.0 26 7
56.0 18 7
69.0 16 7
176.0 114 7
53.0 24 7
38.0 9 7
11.0 33 7
29.0 22 7
46.0 12 7
64.0 19 7
57.0 29 7
7.0 25 7
48.0 13 7
22.0 4 7
63.0 22 7
34.0 12 7
58.0 26 7
12.0 24 7
48.0 17 7
8.0 22 7
51.0 36 7
34.0 22 7
30.0 21 7
40.0 23 7
81.0 31 7
80.0 23 7
66.0 17 7
59.0 27 8
29.0 6 8
42.0 37 8
56.0 22 8
30.0 60 8
109.0 30 8
57.0 23 8
7.0 19 8
12.0 21 8
12.0 28 8
46.0 11 8
59.0 35 8
13.0 32 8
30.0 10 8
64.0 29 8
59.0 14 8
21.0 24 8
31.0 34 8
68.0 27 8
56.0 13 8
40.0 19 8
70.0 17 8
50.0 22 8
126.0 18 8
70.0 21 8
47.0 16 8
9.0 25 8
41.0 23 8
10.0 32 8
41.0 24 8
116.0 27 8
12.0 26 8
37.0 36 8
24.0 19 8
24.0 23 8
40.0 11 8
11.0 23 8
46.0 14 8
36.0 42 8
34.0 8 8
10.0 19 8
63.0 16 8
29.0 9 8
42.0 30 9
64.0 22 9
99.0 24 9
2.0 4 9
38.0 11 9
71.0 23 9
102.0 33 9
124.0 36 9
86.0 29 9
18.0 27 9
67.0 40 9
46.0 24 9
33.0 31 9
30.0 28 9
24.0 32 9
55.0 17 9
115.0 32 9
52.0 34 9
41.0 7 9
24.0 5 9
7.0 23 9
40.0 27 9
112.0 41 9
55.0 14 9
48.0 29 9
9.0 27 9
20.0 20 9
212.0 22 10
93.0 14 10
47.0 26 10
39.0 31 10
79.0 26 10
19.0 23 10
31.0 32 10
67.0 25 10
54.0 32 10
65.0 22 10
44.0 30 10
59.0 18 10
39.0 27 10
65.0 25 10
43.0 24 10
58.0 24 10
72.0 22 10
40.0 17 10
54.0 16 10
39.0 11 10
46.0 35 10
47.0 18 10
22.0 26 10
15.0 28 10
46.0 19 10
29.0 32 10
74.0 20 10
9.0 26 10
14.0 22 10
17.0 4 10
45.0 27 10
45.0 25 10
17.0 21 10
26.0 28 11
62.0 23 11
58.0 21 11
72.0 33 11
33.0 27 11
36.0 31 11
10.0 14 11
59.0 21 11
72.0 25 11
3.0 16 11
36.0 26 11
86.0 34 11
35.0 32 11
13.0 21 11
26.0 37 11
5.0 19 11
44.0 20 11
92.0 24 11
12.0 22 11
44.0 22 11
72.0 19 11
18.0 26 11
23.0 7 11
55.0 25 11
37.0 23 11
25.0 27 11
35.0 10 12
68.0 15 12
47.0 12 12
20.0 24 12
51.0 31 12
34.0 26 12
47.0 21 12
31.0 25 12
39.0 26 12
31.0 27 12
72.0 21 12
21.0 7 12
45.0 22 12
66.0 23 12
60.0 20 12
15.0 51 12
43.0 20 12
22.0 23 12
55.0 23 12
54.0 12 12
50.0 25 12
32.0 21 12
55.0 13 12
27.0 21 12
99.0 31 13
88.0 45 13
49.0 32 13
122.0 35 13
56.0 19 13
27.0 24 13
12.0 4 13
37.0 20 13
38.0 12 13
90.0 24 13
50.0 19 13
10.0 28 13
49.0 25 13
4.0 16 13
26.0 12 13
55.0 16 13
16.0 25 13
20.0 5 13
26.0 24 13
11.0 24 13
18.0 22 13
36.0 19 13
12.0 31 14
39.0 29 14
32.0 19 14
10.0 4 14
96.0 27 14
34.0 35 14
25.0 36 14
36.0 23 14
29.0 28 14
49.0 20 14
46.0 20 14
38.0 26 14
8.0 18 14
55.0 20 14
21.0 19 14
42.0 11 14
52.0 19 14
56.0 26 14
54.0 20 14
64.0 27 15
21.0 27 15
53.0 15 15
70.0 38 15
20.0 27 15
14.0 19 15
65.0 28 15
23.0 30 15
50.0 16 15
51.0 17 15
60.0 21 15
65.0 14 15
61.0 19 15
13.0 25 15
60.0 23 15
41.0 21 15
15.0 26 15
58.0 19 15
26.0 31 15
19.0 25 15
29.0 25 15
5.0 16 15
207.0 56 16
70.0 26 16
57.0 17 16
25.0 10 16
56.0 35 16
35.0 11 16
59.0 24 16
87.0 22 16
32.0 28 16
47.0 23 16
35.0 24 16
25.0 24 16
73.0 23 16
27.0 26 16
51.0 15 16
40.0 13 16
35.0 17 16
60.0 25 16
23.0 24 16
76.0 22 17
21.0 25 17
46.0 26 17
67.0 23 17
16.0 23 17
1.0 8 17
44.0 13 17
52.0 23 17
4.0 14 17
52.0 22 17
42.0 13 17
22.0 25 18
89.0 23 18
69.0 29 18
87.0 40 18
62.0 38 18
43.0 21 18
6.0 20 18
30.0 25 18
12.0 5 18
24.0 24 18
42.0 14 18
41.0 16 18
48.0 23 18
14.0 25 18
9.0 21 18
28.0 24 18
38.0 19 18
27.0 29 19
42.0 20 19
62.0 37 19
26.0 7 19
52.0 16 19
34.0 21 19
45.0 23 19
7.0 18 19
37.0 11 19
44.0 17 19
54.0 15 19
54.0 25 19
44.0 15 19
27.0 19 19
58.0 22 19
25.0 16 19
25.0 22 19
2.0 3 20
66.0 32 20
41.0 28 20
29.0 19 20
33.0 23 20
4.0 17 20
34.0 24 20
19.0 8 20
115.0 28 21
57.0 20 21
33.0 24 21
17.0 23 21
44.0 19 21
11.0 21 21
31.0 10 21
14.0 5 21
51.0 21 21
9.0 18 21
40.0 22 21
59.0 20 22
50.0 14 22
26.0 22 22
17.0 15 22
17.0 24 22
40.0 9 22
36.0 17 22
55.0 11 23
36.0 24 23
42.0 22 23
33.0 26 23
39.0 20 23
38.0 21 23
29.0 29 23
31.0 20 23
18.0 21 23
16.0 5 23
80.0 30 24
46.0 31 24
13.0 24 24
35.0 26 24
49.0 24 24
46.0 17 24
35.0 15 24
6.0 19 24
20.0 12 24
52.0 18 25
51.0 10 25
70.0 36 25
51.0 23 25
36.0 10 25
5.0 21 25
10.0 23 25
42.0 19 25
45.0 16 25
31.0 8 25
34.0 11 25
36.0 15 25
35.0 21 25
137.0 23 26
15.0 22 26
47.0 14 26
23.0 21 26
15.0 20 26
38.0 27 26
45.0 14 27
42.0 17 27
48.0 15 27
16.0 26 27
37.0 25 27
26.0 18 27
12.0 18 27
56.0 23 28
44.0 16 28
24.0 20 28
43.0 17 28
28.0 11 28
21.0 22 28
32.0 12 28
49.0 18 29
3.0 14 29
43.0 23 29
32.0 23 29
39.0 19 29
24.0 14 29
40.0 20 29
18.0 18 29
43.0 13 30
48.0 20 30
23.0 11 30
27.0 8 30
37.0 17 30
41.0 11 31
18.0 24 31
42.0 16 31
22.0 19 31
38.0 18 31
41.0 17 31
28.0 21 32
2.0 6 32
27.0 23 32
43.0 19 32
45.0 20 32
38.0 15 33
26.0 9 33
1.0 10 33
39.0 18 33
41.0 22 33
49.0 16 33
41.0 14 33
41.0 13 34
37.0 21 34
21.0 18 34
24.0 9 34
38.0 22 34
54.0 22 34
26.0 20 34
20.0 22 34
4.0 4 35
30.0 11 35
43.0 15 35
20.0 14 35
37.0 13 35
10.0 21 35
13.0 18 35
33.0 12 35
24.0 22 36
39.0 14 36
25.0 8 36
40.0 14 36
38.0 17 36
31.0 19 36
29.0 21 36
28.0 9 36
8.0 20 37
28.0 18 37
12.0 8 37
31.0 13 37
23.0 22 38
3.0 12 38
23.0 13 38
15.0 17 38
30.0 16 38
41.0 19 38
28.0 20 39
14.0 24 39
16.0 7 40
17.0 6 40
38.0 24 40
26.0 17 40
36.0 13 40
46.0 16 40
33.0 16 40
36.0 21 40
45.0 18 41
35.0 12 41
49.0 13 41
40.0 16 41
37.0 19 41
30.0 20 41
50.0 20 41
9.0 15 41
120.0 29 42
33.0 11 42
53.0 21 42
22.0 22 42
33.0 19 42
22.0 13 42
38.0 30 43
26.0 21 43
21.0 21 43
16.0 19 43
21.0 15 43
30.0 18 43
8.0 17 43
39.0 12 44
18.0 16 44
39.0 22 44
29.0 23 44
11.0 20 45
9.0 20 45
20.0 8 45
51.0 19 46
14.0 14 46
32.0 13 46
40.0 18 46
24.0 18 46
8.0 16 46
22.0 7 48
29.0 18 48
76.0 25 49
61.0 21 49
35.0 14 49
13.0 15 49
38.0 14 50
30.0 15 50
28.0 17 51
35.0 16 51
27.0 10 51
1.0 7 52
24.0 8 52
14.0 20 54
32.0 17 55
29.0 12 57
43.0 26 58
20.0 7 58
15.0 6 58
12.0 20 58
7.0 16 58
5.0 13 58
30.0 23 58
34.0 13 59
34.0 16 59
30.0 14 62
18.0 6 62
31.0 22 63
13.0 20 63
36.0 18 63
22.0 20 64
19.0 20 64
8.0 8 65
5.0 15 65
20.0 19 66
24.0 17 66
31.0 12 66
29.0 10 68
10.0 12 68
26.0 13 69
32.0 16 69
19.0 21 69
33.0 21 70
47.0 17 70
20.0 17 70
18.0 29 71
36.0 14 72
16.0 21 73
8.0 13 73
21.0 14 74
34.0 17 74
37.0 15 74
26.0 16 75
6.0 15 75
27.0 17 75
31.0 17 75
15.0 16 76
33.0 17 77
19.0 15 77
14.0 26 78
29.0 15 80
25.0 11 80
6.0 17 81
34.0 19 81
17.0 17 82
8.0 15 82
12.0 17 82
25.0 19 84
1.0 3 85
23.0 10 85
33.0 14 85
15.0 7 86
22.0 14 87
19.0 7 88
19.0 10 88
6.0 12 89
32.0 15 90
11.0 18 90
9.0 4 92
16.0 16 92
18.0 19 92
17.0 9 94
31.0 15 95
21.0 10 95
28.0 16 96
3.0 3 98
22.0 9 98
20.0 10 100
10.0 18 100
39.0 15 101
13.0 6 101
35.0 19 102
23.0 19 103
12.0 15 103
14.0 18 104
28.0 22 105
17.0 20 105
7.0 13 106
18.0 13 106
32.0 20 108
25.0 15 109
23.0 16 109
18.0 17 111
25.0 13 113
25.0 18 113
21.0 17 114
3.0 13 116
7.0 15 117
16.0 15 117
9.0 13 118
15.0 11 119
22.0 10 120
15.0 19 121
22.0 17 121
4.0 13 122
4.0 11 122
9.0 17 128
23.0 14 128
21.0 8 129
24.0 13 129
25.0 9 131
15.0 14 131
27.0 15 133
5.0 11 135
11.0 5 135
23.0 8 139
10.0 15 140
10.0 16 143
19.0 16 143
11.0 16 145
23.0 17 146
26.0 14 146
30.0 12 147
7.0 8 148
29.0 14 149
8.0 6 151
11.0 12 153
28.0 14 154
9.0 5 156
24.0 11 158
16.0 18 162
24.0 10 162
24.0 15 162
19.0 18 163
27.0 12 163
22.0 15 164
28.0 12 164
8.0 4 167
13.0 17 167
26.0 11 172
14.0 9 173
16.0 12 174
29.0 17 176
9.0 6 177
18.0 8 188
18.0 14 193
6.0 5 194
6.0 13 194
9.0 14 194
17.0 16 195
1.0 5 201
3.0 5 201
13.0 14 201
3.0 11 202
5.0 4 204
8.0 14 214
27.0 13 216
23.0 12 218
20.0 16 220
10.0 5 220
16.0 8 223
14.0 16 225
5.0 6 226
7.0 11 235
25.0 14 242
15.0 15 248
17.0 8 251
21.0 12 253
13.0 11 254
12.0 13 259
6.0 10 261
3.0 4 264
4.0 5 273
14.0 12 274
10.0 8 277
14.0 6 280
17.0 14 286
16.0 11 287
19.0 14 288
20.0 13 292
19.0 12 297
20.0 11 300
15.0 9 307
5.0 10 310
12.0 10 310
4.0 10 312
6.0 7 312
22.0 12 312
18.0 12 312
11.0 14 313
17.0 12 324
16.0 14 324
14.0 11 325
14.0 13 334
7.0 12 340
9.0 10 346
21.0 13 347
7.0 5 355
15.0 8 361
19.0 9 361
11.0 11 361
16.0 10 373
10.0 10 379
13.0 8 388
18.0 10 402
10.0 13 408
11.0 9 422
5.0 9 443
4.0 8 444
12.0 9 451
14.0 8 453
13.0 9 456
17.0 10 459
15.0 12 462
13.0 12 479
3.0 9 489
10.0 11 490
10.0 7 490
12.0 6 492
6.0 9 495
12.0 11 527
5.0 7 534
11.0 7 545
7.0 7 562
3.0 7 569
6.0 6 583
8.0 11 590
4.0 6 592
8.0 7 605
9.0 11 615
7.0 9 647
11.0 10 649
9.0 8 729
8.0 9 806
