count robl hsd
264 0.3334425094054302 14
224 0.13459787830610967 11
212 0.15305922022798044 14
192 0.2502904284526638 9
191 0.33334521321699195 11
184 0.399807015574835 13
172 0.2812907190450795 9
162 0.14222845447885502 16
162 0.3334124723013612 9
162 0.24985302763080539 9
154 0.14221506322862493 15
150 0.2223539403811273 12
149 0.08202555852154292 17
149 0.16048486532549733 12
145 0.22357958407918724 9
144 0.22488559220512672 11
143 0.27717488416789116 9
138 0.37367965242679196 9
138 0.4998424700693132 9
137 0.2832176887565466 9
137 0.2486786940411912 10
135 0.1817557714681418 13
133 0.3998843262001157 8
133 0.18399166460095637 10
132 0.25152367932903597 9
128 0.22521961759431908 12
128 0.25094896731745864 10
128 0.24959917850870006 12
127 0.18255589706618766 10
126 0.3336445689386866 9
126 0.30270189231470973 11
126 0.2512982154501954 13
126 0.22193136905886238 13
125 0.13039209615254416 13
124 0.22181969571830143 8
123 0.15970608952954465 15
122 0.09612608524057509 13
122 0.16485462916646806 9
122 0.22340370603546153 9
122 0.5 8
121 0.4998032270759543 8
121 0.27882314602940556 12
120 0.14153155713816987 14
120 0.28583333333333333 5
118 0.19423545607894396 12
117 0.1752981518062213 9
117 0.20165280295057922 11
117 0.19806520817057216 10
116 0.2503438463949417 12
116 0.2013120882687147 12
116 0.22335441943873022 9
115 0.14823180085052243 9
115 0.27732592466950595 12
115 0.24966643662295837 10
115 0.22178424760432985 7
115 0.33366102662954233 10
115 0.13055283237687967 11
114 0.1493358321494934 11
114 0.28372699425331005 8
114 0.2220410179655995 11
113 0.3998638529611981 7
113 0.2858582290518782 7
113 0.06402374729163157 19
113 0.2834957800600695 9
113 0.20190858022989724 11
113 0.5008155474579212 7
113 0.14871547048339442 11
112 0.13651240644995352 10
111 0.29144810076182626 10
111 0.39570339570339574 5
110 0.16448768339455358 12
110 0.16162972322179175 14
110 0.2251158270838102 12
109 0.1498370087179841 9
109 0.12652292881927388 12
108 0.11088556688600579 13
108 0.15796381619968364 10
108 0.33337459562949756 7
108 0.11634972528992248 14
108 0.33560840662289937 10
107 0.15056220182142463 8
107 0.14489511631120264 12
107 0.1501631524251976 12
106 0.1331128463604307 15
106 0.3336755456899741 8
106 0.2247141140507249 13
105 0.22155679730050437 10
105 0.16025316000374543 13
105 0.2879718554088302 8
104 0.14000550573826434 13
104 0.22524229899960682 14
104 0.28356365856365856 7
104 0.1822387620929244 12
103 0.1429253803872863 9
103 0.5 7
103 0.11501552864368096 13
103 0.37277419820853647 10
103 0.1839277617788733 14
103 0.39969982646217345 9
102 0.12455217683010236 10
102 0.22403430964713064 10
102 0.22318178502831765 10
102 0.28249820837220907 10
102 0.102552148711726 14
102 0.2002788984105514 10
102 0.20474005526620723 14
102 0.2288209160633551 11
101 0.11781942057304103 12
101 0.2504797228948901 7
101 0.39948071631873006 10
101 0.16555729094722418 11
100 0.12764531910003948 13
100 0.1278776827056012 11
100 0.22126760245538846 11
100 0.16205777916962957 14
100 0.12657439478628135 14
100 0.28225686980643877 16
100 0.18276077467573631 12
99 0.11412347298406028 13
99 0.1825700761518175 13
99 0.0959482696960671 13
99 0.12309822270180326 9
98 0.1851504100383278 16
98 0.1364802167704127 15
97 0.09960614517776203 12
97 0.33349936903605787 9
97 0.2859777241826969 7
96 0.3329678362573099 8
96 0.1374651345673956 12
96 0.1828368072106229 14
95 0.1643506114439512 9
95 0.17064569010434738 12
95 0.24800710542294677 12
95 0.150510851826996 13
95 0.28587522728389597 10
95 0.22382930913440793 8
95 0.2698191019038905 11
95 0.16169681732004187 13
95 0.2057930811545649 15
95 0.2028475240991015 13
94 0.19994811116709033 13
94 0.250616408357535 11
94 0.13415238270799706 16
93 0.10978097509837283 12
93 0.11521808204932213 18
93 0.33328254465775686 8
93 0.20155137837924408 12
93 0.4024025744524603 8
93 0.24954226172642233 8
93 0.3984430731811311 10
92 0.13836709539075748 10
92 0.3333333333333333 7
92 0.18230623353057676 12
92 0.10963248918824636 14
91 0.11713922632933962 10
91 0.0955709857075883 15
91 0.14091440587506024 16
90 0.24852023304485296 13
90 0.1662284151811857 13
90 0.11706675223247014 15
90 0.5 6
90 0.21789227078505086 18
90 0.1278968189991638 9
90 0.16329749904030774 16
90 0.15999091728350334 16
90 0.10460475888178208 12
90 0.1614904783325836 8
89 0.36867234672612864 9
89 0.18244048827554993 11
89 0.22362688222553145 14
89 0.3006969132782904 12
89 0.400187265917603 6
89 0.3332114446876167 11
89 0.1833920144462687 11
89 0.2227373404714893 15
88 0.2854536126319214 12
88 0.2245396261838659 15
88 0.24920328744299824 11
87 0.147319578455511 13
87 0.358414560422674 11
87 0.16741666049241896 10
87 0.10521159227671674 17
87 0.2577413655218885 15
87 0.25074035663872324 7
87 0.13930471377714326 11
87 0.22400119829346393 10
87 0.2498631636562671 8
86 0.20085365470922387 11
86 0.16732385985523376 10
86 0.304373829850542 14
86 0.2007325949349965 9
86 0.18130141476486003 9
86 0.22139260473619693 14
86 0.28203974338020243 13
86 0.3342499428444828 10
85 0.1741755185726 11
85 0.18709776958911908 7
85 0.12759273175948174 16
84 0.18189589445604723 8
84 0.19956150749321339 15
84 0.18214176956831626 11
84 0.2851319277711084 11
84 0.18288002783458573 9
84 0.18265585960682232 13
84 0.33375818370058 12
83 0.39857650814419066 10
83 0.12501352922290696 22
83 0.24839346450602837 13
83 0.28362738450619385 7
83 0.37510175514466243 19
82 0.27016775768481427 10
82 0.11318366587404856 9
82 0.136762830191497 14
82 0.23678111957140308 14
82 0.11555579990898497 15
82 0.14095948314883502 7
82 0.15393323541028933 11
82 0.19914659359792378 11
82 0.105277995679327 11
82 0.20023992909102023 9
82 0.08766232277777629 12
81 0.3333548976417299 16
81 0.3043118137065301 11
81 0.10065293124277166 16
81 0.2005681351661941 13
81 0.3333333333333333 12
81 0.08834601746702112 15
81 0.6666666666666666 6
81 0.17268088957706673 17
80 0.17640279337743786 15
80 0.5004166666666666 8
80 0.3333333333333333 5
80 0.2202473626090112 10
79 0.4277029599314743 10
79 0.2015394754751313 10
79 0.20038378218195643 16
79 0.3015499541936521 9
79 0.2289830251066266 15
79 0.4 7
79 0.1093033125583839 10
78 0.16359805482451878 11
78 0.1923529456891375 16
78 0.1651759186677627 16
78 0.12556031181078514 17
78 0.1119777992664394 11
77 0.17719112438363777 8
77 0.16155686867891728 15
77 0.20094147706929663 9
77 0.3334587105274342 12
77 0.101287566799078 18
77 0.33159862466082557 6
76 0.18149575495283726 15
76 0.19998722134283078 7
76 0.24971177944862158 7
76 0.22051688513497175 17
76 0.33367868312117405 13
76 0.3763769567613058 15
76 0.30049302833211766 9
76 0.3092186985452221 10
75 0.090057780145136 11
75 0.2426608960118088 11
75 0.1282045828644277 12
75 0.3087344796317336 10
75 0.40043493761140825 9
75 0.25001503104209816 11
75 0.28253733068182785 14
75 0.1383357693827715 17
75 0.20017301689522288 8
74 0.09039353901029136 17
74 0.3325844861328732 13
74 0.20084011658688716 14
74 0.2682283431370488 12
74 0.08406737107487842 16
74 0.30355332224707604 12
73 0.1409546211259333 18
73 0.3333333333333333 11
73 0.24817119433811655 17
73 0.2468053323460019 16
73 0.40114155251141553 7
73 0.16754584947281434 10
73 0.6666666666666666 6
72 0.5 7
72 0.0658151179373552 14
72 0.0980548757737376 19
72 0.05687267047218189 21
72 0.5 12
71 0.2540002154671945 14
71 0.07359756800817704 18
71 0.12927870283275159 7
71 0.11085426049918398 16
71 0.3977120813672091 13
70 0.08256423902720364 16
70 0.0933996500906072 10
70 0.3320539436317853 14
70 0.373002561348426 8
70 0.22537690448225828 17
70 0.20065706137264344 8
70 0.5 10
70 0.3686557399889996 10
69 0.18308141872647585 16
69 0.2859284060117467 11
69 0.07293923312355544 15
69 0.4 5
69 0.14657332358141206 16
69 0.24451632735240159 15
69 0.1875229655311272 17
68 0.30555961499593665 14
68 0.22342243492762523 7
68 0.09389009013207134 14
68 0.3685497781675618 9
68 0.39847617780143735 6
68 0.15519632315943435 17
68 0.14669744893704273 18
68 0.10694340836693314 15
68 0.3985528542924802 11
67 0.15783013791654796 8
67 0.08118267837174918 12
67 0.4002487562189055 8
67 0.18191564720986028 8
67 0.1998578535891969 8
66 0.10976214196005427 17
66 0.10911808852184639 11
66 0.09020539856080018 18
66 0.12058794389306325 16
66 0.14950290955557338 20
66 0.42547349694795517 12
65 0.3727546192704564 14
65 0.16732430535691872 14
65 0.20014457212949174 14
65 0.28725815990030035 6
65 0.24910243590766534 15
65 0.14736571870175108 8
65 0.4992992514731645 11
65 0.24776752111629874 14
64 0.0633515227683109 16
64 0.2723280806881736 14
64 0.14894891520718903 17
64 0.06169038275488035 17
63 0.27014024676246196 11
63 0.2844012364612115 15
63 0.2714581691339442 8
63 0.25005012531328324 6
63 0.08688555987516244 13
63 0.1756825275120954 18
63 0.18279599777560776 15
63 0.17809752039243518 19
63 0.2692134059002018 13
62 0.3027826732191014 13
62 0.30186542413834155 10
62 0.13137729810193446 17
62 0.24914159212071926 8
62 0.15349406701099502 10
62 0.2286669831278922 16
62 0.07966404666488978 15
62 0.09493414365577084 20
62 0.29510044436132454 11
62 0.08174038794478043 14
62 0.26830302071804124 13
61 0.1431836710200443 19
61 0.3985568165896035 9
61 0.1911232448748512 18
61 0.2728466223071344 15
61 0.30456342562640476 15
61 0.5004314063848145 10
60 0.24873121722017863 18
60 0.36246227436799694 11
60 0.18102605952089285 20
60 0.2934710651198758 14
60 0.33458976812809005 14
60 0.17866307065747883 19
60 0.426106900103232 12
59 0.22073795279945052 16
59 1.0 7
59 0.17470882806127075 7
59 0.17675202324515255 7
59 0.4995964487489911 10
59 0.3029531345235548 8
58 0.6666666666666666 5
58 0.4 6
58 0.0893089364637352 18
58 0.30560141126941726 13
58 0.11321958990785538 21
57 0.3024743178122951 8
57 0.21327077333117056 16
57 0.2062387409092906 17
57 0.28460235059822264 13
57 0.37506038157454474 11
57 0.3047365176567094 12
57 0.08142883344752964 14
56 0.1268086765599193 18
56 0.08583790310829018 19
56 0.20123843485925366 19
56 0.2529945668450922 16
56 0.42494543528994067 10
56 0.2275969603623494 19
55 0.20461642020902546 17
55 0.39142191142191146 11
55 0.28512846841187434 16
55 0.0745431011882175 13
55 0.1264629931023793 8
55 0.42054811523111424 5
55 0.5 6
55 0.28837889383343923 6
55 0.21007584191467843 19
55 0.1619259105562191 23
55 0.2589110040602514 18
55 0.3174498882766544 16
54 0.5008417508417509 5
54 0.37135631730574975 12
54 0.11655929391807807 18
54 0.14943247144507907 18
54 0.33311287477954143 15
54 0.7493386243386243 6
54 0.22148739915617383 20
54 0.5 4
53 0.06460766026780156 20
53 0.09442656806867453 9
53 0.37139259284244386 8
53 0.3102297084612842 15
53 0.12786981869209346 8
52 0.11711196043916935 19
52 0.1680836877322487 17
52 0.12548893189404253 19
52 0.2494992794567736 20
52 0.4019252504759849 14
51 0.30200643010240535 7
51 0.33428966777742214 15
51 0.3007330760358442 7
51 0.4001562944018187 7
51 0.12122792907293425 20
51 0.39801954226506653 12
51 0.3648098633392751 5
51 0.1666906171975554 19
50 0.09384848699492705 20
50 0.2470490222595746 17
50 0.33182121232904344 17
50 0.3003361612121445 18
50 0.1584578574233918 20
50 0.6675 7
50 0.10773130827360328 10
50 0.5 9
49 0.3333333333333333 6
49 0.5 13
49 0.4262633624878523 9
49 0.1216918537359192 20
49 0.059530753434385075 14
49 0.6666666666666666 4
49 0.08494033418571081 10
49 0.06031036122238305 17
49 0.0598858503402516 15
49 0.44954945847802985 11
49 0.21159135713544533 18
49 0.06336115337885334 20
48 0.060587482543587284 16
48 0.15354602052918606 21
48 0.36674669583338315 13
48 0.400512872401193 12
48 0.36878675224843954 12
48 0.2324907474063399 16
48 0.09796039733782458 22
48 0.21391762775151302 19
48 0.22261650386650386 6
48 0.14708289291213444 26
47 0.19657973099357517 17
47 0.2691103217459141 18
47 0.4504046305376916 10
47 0.3472415268440188 15
46 0.095846579471281 9
46 0.14580069222188466 19
46 0.4691240373510063 17
46 0.18354683276543665 17
46 0.4262711072224466 11
46 0.3019260479272695 16
46 0.41795352505461936 14
46 0.23868443908728496 18
45 0.45439270720488467 10
45 0.059704495434586294 18
45 0.19891108035156885 6
45 0.26620003181601753 16
45 0.33287037037037037 7
44 0.5 6
44 0.07787334734539379 21
44 0.2738811862554357 17
44 0.27528080443481245 17
44 0.061552342551589874 12
44 0.2503787878787879 6
44 0.3331105169340463 6
44 0.31177394090203536 11
44 0.4294237012987013 8
44 0.5 12
44 0.14099964015572483 21
44 0.30698707838143885 15
44 0.2234977216251415 21
43 0.6677610579115366 9
43 0.3031333087071092 17
43 0.0980779634432979 8
43 0.1307139913446595 20
43 0.3631922113454262 7
42 0.2877336759967346 19
42 0.07549375570915903 10
42 0.1647175617854756 21
42 0.5005463876140568 15
42 0.37126145226047197 14
42 0.5709028055666711 12
42 0.4276502267573696 8
42 0.22854775365363203 23
41 0.15119830804378045 22
41 0.6034150692380307 11
41 0.17136880336306448 6
41 0.4285619011909685 14
41 0.2917791227778435 17
41 0.21490074965684722 7
41 0.06722799884513196 13
40 0.4385581175145804 13
40 0.3631854968685068 16
40 0.15537915369684954 22
40 0.06414186600925952 11
40 0.3742850351402983 7
40 0.059889588518897884 15
40 0.19994122241013784 21
40 0.06087208513370226 19
40 0.20665305036039658 23
40 0.6666666666666666 9
40 0.3743172397777661 12
40 0.17817236088741434 21
40 0.30434440276256247 20
40 0.0694235712887806 12
39 0.3599767040805158 23
39 0.22180906326995242 22
39 1.0 10
38 0.3462685888392578 20
38 0.06956519858770915 24
38 0.2741570222688803 20
38 0.16727570531346184 18
38 0.4506450549794203 9
38 0.08834710593835159 22
38 0.42901477392576465 13
38 0.06552493997759308 11
37 0.1506084471152147 22
37 0.6041988416988416 6
37 0.24582583169110342 19
37 0.33159822159822155 13
37 0.11842893664367582 21
36 1.0 5
36 0.36968714978427114 17
36 0.08314649102433845 21
36 0.17721911625043751 22
36 0.14984589113084196 23
36 0.25358360336876173 19
36 0.12053078516338364 23
36 0.2791657668211338 19
36 0.18818753010928183 20
36 0.42930224867724864 9
36 0.6666666666666666 8
36 0.3744501518624326 13
36 0.19508402706349542 20
36 0.32352364107486853 17
35 0.42934412895593016 11
35 0.19324675324675325 6
35 0.44406843156843157 7
35 0.3035641610748624 19
35 0.7718925518925519 13
35 0.3720667903525046 7
35 0.5646472157750354 9
35 0.1144716941040966 22
35 0.17984894869114337 23
35 0.4317293817293817 6
35 1.0 7
34 0.16344973274680186 24
34 0.25311316371741266 21
34 0.6666666666666666 7
34 0.27169983242083984 20
34 0.21882758734377458 20
34 0.3313496592509794 19
34 0.6670994124554496 11
34 0.24219912370293858 23
33 0.4329156775199005 16
33 0.20746318096148522 22
33 0.10504154906789437 7
33 0.06296240646159945 23
33 0.7486772486772486 8
33 0.39566527645573957 17
33 0.190535263124813 24
33 0.19253635780514475 22
32 0.5585796148296148 8
32 0.15341726676132936 25
32 0.3781673142281695 15
32 1.0 6
32 0.5567619293492455 10
31 0.09780448455703292 24
31 0.45914644240320857 13
31 0.2214541730670763 6
31 0.5555442373629816 9
31 0.2952502532067505 21
31 0.5971003856602578 11
31 0.5461070416428451 13
31 0.35976397167735524 15
31 0.4306893823022855 7
31 0.40535585778592453 16
31 0.3600086173802734 16
31 0.13593026058647706 25
31 0.39703795216129184 15
30 0.07155371757586503 9
30 0.12783321936461117 24
30 0.3358262202578917 20
30 0.4638613385381961 13
30 0.4543348498766456 12
30 0.3849738151821321 18
30 0.3465930134162121 18
30 0.6645776651968602 12
29 0.21410887962612102 5
29 0.20265425847987828 26
29 0.12417019043604462 30
29 0.5019911898059032 15
29 0.16468805744313103 26
29 0.23195535397949227 24
29 0.1303959410788473 24
29 0.11907388679610133 25
29 0.2813260347598586 24
29 0.09563306900685886 25
29 0.23418778986730307 28
28 0.43640753596846976 18
28 0.3973610291638912 18
28 0.4536121966269025 12
28 0.38642968259564897 16
28 0.3578715157011421 25
28 0.44983235203049443 8
28 0.059752350074916624 25
28 0.7461734693877551 7
28 0.5994047619047619 8
27 0.2543071535226203 22
27 0.06831423656550513 9
27 0.442538514709586 16
27 0.4984781935329959 13
27 0.08639820134513042 23
27 0.12871881273276523 23
27 0.7255731922398588 9
27 0.14922669922669923 7
27 0.2715206957038651 21
27 0.3725903725903726 6
27 0.3700374259341121 20
27 0.3552033725935991 12
26 0.7072649572649573 10
26 0.34475852156398695 24
26 0.42301283432505155 15
26 0.6666666666666666 8
26 0.7424978867286559 8
26 0.3656131175788122 18
26 0.330309084158361 18
25 0.10373277470200945 26
25 0.36078256514727103 13
25 1.0 8
25 0.12374841747684777 31
25 0.15575593314537567 28
25 0.37584665183576255 7
25 0.6036153846153846 7
25 0.18316808392311665 27
25 0.3086278288313751 18
25 0.6675 9
25 0.49210517008702126 20
25 0.4349486461251167 6
25 0.5968571428571429 9
25 0.6666666666666665 10
24 0.4579092926122725 15
24 0.45687596519656687 14
24 0.11541628928394021 26
24 0.5 14
23 0.24219608115874358 22
23 0.17699363955222136 31
23 0.5517854485144834 11
23 0.19106325848337927 30
23 0.34526531251409875 21
23 0.5580651232825146 11
23 0.05400565435731676 22
23 0.8550724637681159 6
23 0.37213541623375 23
23 0.11427609016610987 6
23 0.5616901214727301 12
23 0.07191476535838946 31
23 0.6032608695652174 7
23 0.19356596867494294 25
22 0.3347107438016529 4
22 0.25779770468765684 25
22 0.07640009087060674 22
22 0.610579748534294 14
22 1.0 5
22 0.6287190082644628 10
22 0.11771942894827712 28
22 0.6623987776928953 13
22 0.27585255368172723 23
22 0.3497883705518634 27
22 0.2698985502397193 8
22 0.16206078362460444 32
22 0.6029137529137528 9
22 0.27942584945647925 22
22 0.4493585147992977 4
22 0.2527574453659258 27
22 0.16785398202510501 5
22 0.5715832920744944 14
21 0.11865928734676692 29
21 0.3485085601924077 25
21 0.0756455624128303 32
21 0.09673207222037204 24
21 0.12359262905805506 33
21 0.3066906176014878 21
21 0.5052623968809699 14
21 0.3443450045235315 18
21 0.2515873015873016 5
21 0.10774943848878918 27
21 0.5705568741162066 16
21 0.3004939132974214 22
20 0.20943430060503815 27
20 0.14230489150225992 6
20 0.2781343354778849 25
20 0.07167104493313305 29
20 0.22372801581158766 25
20 0.6012500000000001 6
20 0.60375 10
20 0.14519876043292473 35
20 0.0959133610045726 28
20 0.1384750862789589 27
20 0.2250458310024268 25
20 0.4528281685634627 9
19 0.3165908734579988 23
19 0.5012531328320802 17
19 0.16800861767658648 34
19 0.3454375461169058 27
19 0.1924345654749578 28
19 0.5990824883117534 13
19 0.13684846702711373 27
19 0.28334770008516413 26
19 0.17997331578959946 25
18 0.7380952380952381 6
18 0.15465001766040326 28
18 0.22883187271313454 30
18 0.5704264870931538 7
18 1.0 4
18 0.2857142857142857 5
18 0.34213810083375296 28
18 0.24291107433331482 26
18 0.28578643578643576 5
18 0.11746951223028823 37
18 0.39023588397127434 21
18 0.3010163475263646 24
18 0.261981601560065 28
18 0.4970432617491441 16
18 0.7478216228216228 11
18 0.2077327718661657 33
17 0.39615384615384613 4
17 0.22121711645033026 29
17 1.0 9
17 0.44099774886724674 17
17 1.5 4
17 0.06340233248091225 23
17 0.07714654281953245 25
17 0.06635185180809279 27
17 0.41581741534351735 19
17 0.11548702466268672 32
17 0.32425702510841825 26
17 0.6666666666666666 3
16 0.8 6
16 0.6055490805490805 15
16 0.4154417073255302 25
16 0.8377435064935065 12
16 0.06184978735530206 28
16 0.15758155858704376 37
16 0.4481448465843131 18
16 0.06607373899711003 27
16 0.565566378066378 6
16 0.4405456349206349 20
15 0.75 10
15 0.4083474548813087 19
15 0.24489940607139282 33
15 0.12372655599523744 34
15 0.29195879109795897 30
15 1.0 3
15 0.2554253960892956 30
15 0.18478474476441956 29
15 0.20030090364028658 31
15 0.10881282265492791 35
15 0.5577000479391784 15
15 0.7121783771783772 14
15 0.3364684798650643 22
15 0.4055211558307533 17
15 0.28095238095238095 4
15 0.07445828204675756 35
14 0.4981203007518797 18
14 0.11829430382463214 39
14 0.7527472527472527 11
14 0.3814263599360985 22
14 0.4790250028673674 19
14 0.4054706870786592 22
14 0.065296072290613 26
14 0.7530345471521942 9
13 0.16573264380433164 29
13 0.43545343545343546 5
13 0.21172161172161172 4
13 0.7019723865877712 12
13 0.4087912087912088 3
13 0.8009615384615386 9
13 0.06678337246946717 7
13 0.8016983016983018 8
13 0.06682730798170596 30
12 0.6006701714502226 17
12 0.1541000131263823 31
12 0.3026478281404079 25
12 1.0 12
12 0.43454648210082997 21
12 0.5469303010227933 19
12 0.3004162623308811 29
12 0.5499697388726027 17
12 0.39439924182571245 24
12 0.7553921568627451 4
12 0.23975453626781898 32
12 0.2227734962109962 37
11 0.24825174825174826 5
11 0.3000820376514701 27
11 0.44574577880204475 22
11 0.3505102565926593 31
11 0.4931939718035974 3
11 0.2646431277267235 32
11 0.5011655011655012 23
11 0.4879318748155114 22
11 0.585204130520336 20
11 0.14714146407694795 4
11 0.5361796848427864 12
11 0.7462168818473803 12
11 0.08955596563111404 41
11 0.8030303030303031 5
10 0.3513701025315693 29
10 0.35234272592578375 30
10 0.8011111111111111 10
10 0.4416290366721401 23
10 0.2691049087364877 27
10 0.6091883116883117 19
10 0.22402304216705843 36
10 0.8033333333333333 12
10 0.07298480398801949 34
9 0.07897134735967831 40
9 0.1427413834671899 40
9 0.38823583823583824 26
9 0.4379160046084711 26
9 0.8401805166511048 8
9 0.6666666666666666 3
9 0.10239553209042729 42
9 0.164371187305849 36
9 0.4813474107591754 24
9 0.33462902837902836 32
9 0.39708624708624707 20
9 0.12227373940198488 41
9 0.8631353214686548 11
8 0.2252120166924671 39
8 0.06025113720515855 36
8 0.6503175133689839 16
8 0.763095238095238 15
8 0.10895408285681318 38
8 0.22067560202640848 38
8 0.676279357897005 14
8 0.6264204545454546 8
8 0.2136652767167473 41
8 0.054763837957435516 38
8 0.745806277056277 17
8 0.3909949064411307 27
8 0.4190381742351851 30
8 0.2892398744531195 34
7 0.40643889134601213 32
7 0.07455890799096375 46
7 0.1210020530860111 45
7 0.17388631128126925 41
7 0.3042530049898304 35
7 0.5854875283446711 4
7 0.4783954141096998 29
7 0.4247021685358968 28
7 0.8667800453514739 6
7 0.29921579743008314 31
7 0.22611198960854034 34
7 0.20457675112052992 40
7 0.8737254041401508 14
7 0.36648791648791645 29
7 0.848770277341706 10
6 0.8000000000000002 11
6 0.2779870731892555 37
6 0.14702901265401266 38
6 0.13266619682060857 0
6 0.3402831736165069 38
6 0.5378185045948204 26
6 1.5119047619047619 6
6 0.18170280390107976 42
5 1.3504761904761904 11
5 0.2813101604278075 42
5 0.8384615384615385 16
5 0.7955555555555556 14
5 0.45025534851621807 37
5 0.27240903240903236 40
5 0.057894132011779065 43
5 0.26134453781512607 4
5 0.8842712842712842 17
5 0.22781840916391002 50
5 0.19380952380952382 59
5 0.06876403166725747 5
5 0.42029232416329193 35
5 0.18644574535582017 45
5 0.591205500381971 21
5 0.1084570400359874 5
4 1.6875 6
4 1.3333333333333333 9
4 0.8815628815628815 8
4 1.6666666666666667 5
4 0.8392857142857143 7
4 1.3333333333333333 7
4 0.9268525592055004 6
4 0.15685454783920258 49
4 0.8083333333333333 3
4 0.23506747638326586 43
4 0.5455251270468662 31
4 0.3855576441102757 33
4 0.0737040737040737 48
4 0.7214015151515152 21
4 0.3371323529411765 40
4 0.1496523562520693 43
4 0.22502736726874656 45
4 1.4821428571428572 6
3 0.3933239962651727 27
3 0.29183824305775524 44
3 0.16666666666666666 3
3 1.3194444444444444 8
3 0.978494623655914 14
3 0.6883876357560568 17
3 1.25 6
3 1.1136363636363635 7
3 0.856125356125356 19
3 0.7373184091450345 19
3 0.5967518320459497 22
3 0.5452532992762879 29
3 1.0 19
3 0.0913951545530493 47
3 0.19047619047619047 69
3 0.31746031746031744 37
3 1.1888888888888889 9
3 0.06060606060606061 3
3 0.14106753812636166 55
3 0.5865546218487395 24
2 0.10425101214574899 58
2 0.11805555555555555 66
2 0.9166666666666666 28
2 2.5 4
2 0.8571428571428571 41
2 0.10737327188940092 59
2 0.8571428571428571 27
2 1.5 8
2 0.2554112554112554 54
2 0.5 0
2 0.875 24
2 0.26969696969696966 47
2 1.5 10
2 0.23137771918259725 61
2 0.1380952380952381 51
2 1.5 12
2 0.3693181818181818 61
2 1.1339285714285714 12
2 0.3879598662207358 45
2 1.225 11
2 0.10795454545454546 52
2 0.19440993788819877 56
2 0.5714285714285714 0
2 0.3666666666666667 0
1 0.4411764705882353 47
1 0.06666666666666667 54
1 0.13157894736842105 70
1 0.07142857142857142 60
1 0.7407407407407407 62
1 0.05555555555555555 63
1 0.45454545454545453 57
1 0.7142857142857143 66
1 0.7857142857142857 31
1 0.1 77
1 0.2702702702702703 77
1 0.8125 25
1 5.333333333333333 8
1 0.6666666666666666 25
1 1.8888888888888888 8
1 2.0 7
1 0.2777777777777778 67
1 0.13157894736842105 64
1 0.375 52
1 0.5625 23
1 0.1 84
1 3.0 4
1 2.5 6
1 0.9047619047619048 25
1 0.47619047619047616 55
1 0.15384615384615385 81
1 1.25 9
1 1.0769230769230769 16
1 2.0 10
1 0.75 43
1 0.5757575757575758 74
1 0.047619047619047616 0
1 0.17647058823529413 75
1 2.5 8
