count robl midx
498726 0.0 99
5380 0.2500013276686139 99
4803 0.2000073483484587 99
4430 0.3333333333333333 99
4296 0.16666666666666666 99
3381 0.14285721189787162 99
3311 0.5000045761145127 99
2921 0.12503589137613058 99
2300 0.11111801242236025 99
2296 0.09995644599303136 99
2180 0.09156281465880764 99
2059 0.28559460665992326 99
1949 0.399992941706641 99
1658 0.2222353955623003 99
1627 0.08385366759942532 99
1581 0.15272831626405314 99
1563 1.0 99
1489 0.13367206077368618 99
1462 0.18195636253091793 99
1380 0.07747017837235229 99
1270 0.047185179530183335 99
1150 0.0716333103289625 99
1144 0.21299993464173034 99
1022 0.0542165857594841 100
988 0.2736970728559448 99
915 0.03768483764959706 99
907 0.300010023053022 99
875 0.06678260501085863 99
832 0.11769728480418526 99
829 0.3749709215891987 99
807 0.189099477068658 99
790 0.23009024730543717 99
724 0.06254734004633755 99
678 0.17571330252922177 99
658 0.6666077153145692 100
616 0.2367903365392894 99
597 0.4285226498794338 99
575 0.26434028515153224 99
566 0.0588399960048266 99
533 0.10538910463659257 99
514 0.15864047102369822 99
497 0.3646148020499392 100
428 0.3150508836555323 99
421 0.3072022366306341 99
338 0.3850511510411757 99
294 0.4447193820056758 100
287 0.5997830382085887 99
280 0.4157743634573755 99
265 0.29400576420464714 99
259 0.3575684571997936 99
248 0.3504974449308334 99
238 0.7492805781056056 100
203 0.45718106344082554 100
194 0.5727430690127381 100
138 0.5511246000376435 100
137 0.47100613744303443 99
132 2.0 100
126 0.0 99
124 0.0 97
119 0.0 99
111 0.0 99
109 0.0 98
100 0.06198004935765881 95
98 0.7098963045091498 100
95 0.0 99
95 0.0 95
95 0.0 98
94 0.0 98
93 0.0 99
92 0.6257842757928571 100
92 0.0 98
92 0.0 97
91 0.799869178440607 100
91 0.4370258002866699 99
89 0.12406785813137867 98
87 0.0 95
87 0.0 96
86 0.0 97
86 0.0 95
86 0.0 97
84 0.003296927044877491 77
83 0.0 96
79 0.07367184017722819 99
78 0.0603637269999922 98
74 0.5318723288042033 99
74 0.0 96
73 0.0 93
72 0.0 90
71 0.00022356360384529397 92
70 0.0 94
70 0.03278443599297504 97
70 0.04849915024974103 94
69 0.03445617756156634 98
67 0.0002369106846718787 93
67 0.06352764226199822 97
67 0.07339470525513267 99
67 0.03144256824471615 97
66 0.13651585517618545 95
64 0.0 95
64 0.0 97
63 0.0 94
62 0.0 94
62 0.0006034288292352808 91
62 0.06091808938873421 96
62 0.03457147530704747 99
61 0.0 92
61 0.029411192209419 91
61 0.0 94
60 0.006173189302556654 90
60 0.8580815018315018 100
60 0.0 91
59 0.12191010540481337 97
59 0.03708697404692775 99
58 0.0 93
58 0.0 96
58 0.0 92
58 0.1598098173568357 99
58 0.0 94
57 0.0 96
56 0.02938847275151043 90
56 0.027924778358149622 96
55 0.06367989894079996 97
55 0.06481178432479831 97
55 0.0 91
55 0.1003615836587353 97
55 0.0658492611748146 98
55 0.03147931947568408 98
54 0.03342725964019655 98
54 0.0044062747552013285 87
54 0.13944546738810176 98
54 0.0 91
54 0.0 95
54 0.24807612968357748 91
54 0.15942471731413757 98
53 0.03411333462404674 92
52 0.03057490265440884 88
52 0.033386432490487936 98
52 0.029594733839081896 97
51 0.10366126438723441 98
51 0.09484654946846953 98
51 0.12714539715311382 97
51 0.1326802089376814 97
50 0.06977289857392913 99
50 0.035716594120775304 99
50 0.13524766605093475 92
50 0.08618332451373188 95
50 0.16889758310800393 98
50 0.15727228397633777 99
49 0.005592706077836769 84
49 0.029968297636381723 97
49 0.02598662968911389 93
49 0.1190334284003372 96
49 0.05998237069463374 96
48 0.0016054011425324598 89
48 0.13614587772447612 93
47 0.10085882774234728 99
47 0.14444065346178847 99
47 0.0011759111449969424 90
47 0.12625076638330524 99
47 0.07232588605768515 92
46 0.06302970541808665 98
46 0.08753469738928672 96
46 0.13367117657276303 95
46 0.10267827596002314 95
46 0.004434213667105295 88
46 0.005420024599396425 89
46 0.07095750116743178 99
46 0.00402598631704913 88
45 0.1430340434994386 90
45 0.02844339512651186 90
45 0.0882613741407393 97
44 0.07982766967702842 94
44 0.10106113892269092 98
44 0.13235765040141992 99
44 0.14615539510734524 97
44 0.05695412408623444 96
44 0.0 88
44 0.0036645366759896288 86
44 0.14037412382782513 98
44 0.14753080209840133 96
44 0.009111337719422711 89
43 0.04970510684786818 94
43 0.00035236081747709656 89
43 0.02688142947433021 86
43 0.18137948051686714 97
43 0.18556777192376495 98
43 0.3792020331721561 98
43 0.18605100779414357 94
42 0.092809868805284 95
42 0.19950133176153842 99
42 0.2582128935101067 99
42 0.0576253043258711 96
42 0.024496258559735615 92
42 0.17716783177059256 99
42 0.1313646593117251 93
41 0.10631781365137978 94
41 0.0874469579663221 96
41 0.0531856862047191 93
41 0.02738345971060072 95
41 0.19680911211952534 96
41 0.17202348218908903 99
41 0.10484091765343012 99
41 0.1364296816903064 93
41 0.02851789443001079 95
41 0.026562310552842555 95
41 0.7698736780515834 100
41 0.21141302460446448 98
41 0.12765243545953453 99
41 0.05187432504230712 94
40 0.040466569349386174 91
40 0.028639946316807486 96
40 0.23628984615869175 96
40 0.20926014916775823 99
40 0.0075371360994971074 86
40 0.14086952080566545 92
39 0.11724307155197278 95
39 0.1581202739232336 94
39 0.09934115379415144 99
39 0.05509013467978319 95
39 0.16287765081825747 97
39 0.14945097076384892 96
39 0.03543207689168406 99
39 0.07736738941400262 93
39 0.06607014826048915 98
39 0.2518585010838512 98
39 0.11178977303349609 96
39 0.000979020979020979 89
39 0.26006809926459434 95
39 0.053761026681632934 93
39 0.2025485926346003 98
39 0.006777786746485732 87
38 0.12809314203074873 90
38 0.16233469066274273 98
38 0.12860366951618332 96
38 0.20358105276722974 97
38 0.10476838447024618 99
38 0.11848851844416249 96
38 0.0018901523536731268 81
38 0.0007969034608378871 90
38 0.16836409707196048 95
38 0.02607650661956965 94
38 0.1513242391792754 94
38 0.133370999813194 90
38 0.17463544773867573 89
38 0.14337619874562524 91
38 0.24610992663770603 98
37 0.20626765550783047 95
37 0.06081783618234099 95
37 0.02894854489217663 96
37 0.022828061543933402 91
37 0.0981642873891209 94
37 0.17836201823405398 92
37 0.08345846990221342 89
37 0.3754836555717519 96
37 0.17356946128634904 92
37 0.0455522108759241 92
37 0.166292171124645 95
37 0.21565670756859 92
37 0.028427209057656295 88
37 0.026358661644777123 94
37 0.083510572654071 95
37 0.10038614261134207 97
36 0.05778193987701599 90
36 0.17076711994883786 88
36 0.1456114826205643 96
36 0.19234856620139015 97
36 0.0267085254105303 91
36 0.40534511784511784 99
36 0.28022166794928244 99
36 0.03988271694975534 93
36 0.2242938777292449 94
36 0.12096692528632275 99
36 0.09536454287219213 97
36 0.1509918827674289 94
35 0.1740010075639345 96
35 0.13115623796590758 89
35 0.1893920902446248 99
35 0.21977516253758317 99
35 0.8317545199898142 100
35 0.1677054266472721 93
35 0.1553055858374505 89
35 0.1279625532127981 94
35 0.09845850338984694 89
35 0.024835081755770816 93
35 0.17598774589516342 91
35 0.16451892561473544 97
35 0.05785101193250381 95
35 0.10716763325764618 92
35 0.22652109986321203 97
35 0.005801410713552221 87
35 0.0021769919586645432 85
34 0.030463824376252013 96
34 0.13997803543670354 94
34 0.003040240364864283 85
34 0.07027222585767073 91
34 0.023251495422768 92
34 0.19810572667048754 91
34 0.1455234091469326 98
34 0.07614548281528555 93
34 0.07725392864318305 94
34 0.17807322934132053 93
34 0.10717085630236937 92
34 0.12861413977933522 88
34 0.15640139887432267 97
34 0.09456739480653373 96
34 0.08878244793098054 93
34 0.008807307768332983 80
33 0.11405393146284717 91
33 0.22413472707397422 97
33 0.19309802175963373 95
33 0.1984223298408813 94
33 0.15830351408408053 90
33 0.08724694707618968 90
33 0.08001158498675852 87
33 0.18008855228576198 93
33 0.003961862987312664 85
33 0.10091742160818612 90
33 0.11892566449308672 93
33 0.17795475467749422 96
33 0.15232127678323207 91
33 0.29777669193112133 98
33 0.06269270513698794 90
32 0.23043944143876455 96
32 0.20425513814941162 93
32 1.5022321428571428 100
32 0.0008016748366013072 84
32 0.08130936982767444 94
32 0.18213884461837135 96
32 0.26003294787022585 98
32 0.05111975510388632 92
32 0.19154022430849055 94
32 0.10887556174440412 91
32 0.23020490984167033 99
32 0.09133656876677836 92
32 0.18883031308780954 90
32 0.20569689549595513 96
32 0.07191440863448177 92
32 0.08524836747774134 89
31 0.1673537335451316 90
31 0.0017407339348405003 84
31 0.00739426701566113 78
31 0.10508868168711856 94
31 0.006703691293078614 84
31 0.2577170799800015 92
31 0.18585194214821346 90
31 0.11700099003107244 89
31 0.19263005484862725 95
31 0.0 80
31 0.10609851391828908 91
31 0.0727644202697454 96
31 0.15628762708980828 95
31 0.1192735897709271 98
31 0.0451739183320594 89
31 0.008703202556263999 81
31 0.10407188771308368 90
30 0.23350559037984608 98
30 0.2260624246960781 97
30 0.35241638158000566 99
30 0.2406503529530687 92
30 0.0 87
30 0.2168822318239926 95
30 0.2406620290833486 95
30 0.13102213863193887 95
30 0.07391635590583814 90
30 0.12582896168707874 88
30 0.3412501384243117 97
29 0.24113323106188742 99
29 0.1318314993991947 98
29 0.13768052226192584 83
29 0.0003518648838845883 82
29 0.16767364998384612 91
29 0.2016707213732297 92
29 0.12607907984972838 88
29 0.34410240589168367 99
29 0.028231268202001288 84
29 0.007665899713406502 83
29 0.1295021293629779 94
29 0.11084738028938354 95
29 0.20798001293689336 93
29 0.0008956560680698613 81
29 0.13074074853844955 91
29 0.2712619965871663 98
29 0.21465505393325426 93
29 0.04310766912003375 88
29 0.10339403771671718 93
29 0.11198716797232812 83
29 0.1592191055472675 89
29 0.23773183945523088 93
29 0.0800182134020534 91
28 0.08620631542354575 88
28 0.0 93
28 0.1583131159621754 92
28 0.026197029353246037 94
28 0.11830869540937115 94
28 0.11233848000256287 98
28 0.2099376800093078 98
28 0.12220752023495667 87
28 0.16815366793848313 94
28 0.1818419829569403 85
28 0.26705505275783803 89
28 0.06308932076713013 88
28 0.09701670266316234 88
28 0.23163547786932814 96
28 0.12534678652571646 89
28 0.10183995785429943 87
27 0.15517605921538027 93
27 0.10130387404495277 93
27 0.25117751703381824 97
27 0.22512942687016585 98
27 0.13494355366872735 87
27 0.2150751819892667 91
27 0.09305313634145743 86
27 0.059270624679161624 86
27 0.23266359698690792 90
27 0.21221511520091557 91
27 0.2601919844287801 94
27 0.20887923068644884 96
27 0.23672859938224888 94
27 0.10156423766042 92
27 0.26871690057424 95
27 0.12392256590663692 92
27 0.12382112085997674 86
27 0.13648751256368888 87
27 0.07872582777070326 83
27 0.29591870620025 99
27 0.07930172261575467 88
27 0.07152221670956628 89
26 0.09478241571274647 89
26 0.1867419078343912 89
26 0.05029208429223926 90
26 0.21508246824997815 88
26 0.08585546181824463 86
26 0.15522438704687247 88
26 0.1784202569162579 84
25 0.31747671576027314 92
25 0.17339640186149274 92
25 0.13979879357652658 81
25 0.18359009021300454 98
25 0.1404971952933055 86
25 0.030721538536201888 96
25 0.2541005401494834 97
25 0.2023250787268735 87
25 0.10502732393105031 85
25 0.08495213811416907 85
25 0.16831262080598294 88
25 0.23314101497432094 85
25 0.0026257734732311 86
25 0.34734705681989675 98
25 0.24226922712663032 93
25 0.027883165633924515 85
24 0.10561221308303133 91
24 0.004187073554626017 76
24 0.04519117507218908 87
24 0.23885820065490893 93
24 0.23396755614998513 85
24 0.1871019932262776 86
24 0.27201202168430744 93
24 0.03592967603668174 83
24 0.23414563931051227 92
24 0.05142383391888932 89
24 0.22239844963715896 89
24 0.0727111933725673 91
24 0.04426787004114536 87
24 0.30383676933062315 95
24 0.06581406093003288 84
23 0.28795412707766493 97
23 0.061235719422786015 84
23 0.3111252359167396 96
23 0.07268148984177737 93
23 0.21667226251309818 90
23 0.07155984659078159 83
23 0.17989330123496622 86
23 0.2679528530391803 90
23 0.16841560435195024 87
23 0.0025048022630163673 80
23 0.18080666004712379 85
23 0.3076719357736587 97
23 0.10837330692311817 80
23 0.07284883287670747 91
23 0.09024965871644267 81
23 0.1875787013410995 92
23 0.19472654604684186 89
22 0.22399534992111525 95
22 0.2136497341708415 88
22 0.046278484500539334 91
22 0.0004887585532746823 82
22 0.15443777134704273 86
22 0.14478550717310326 80
22 0.26559235931496644 97
22 0.13850424884109697 87
22 0.02448373210078242 82
22 0.1511552837282595 74
22 0.25860805505645196 95
22 0.2989504904440811 98
22 0.1695812588651991 87
22 0.1383167077591071 84
22 0.04665842962545392 89
22 0.049943208457114335 85
22 0.10123211980914605 87
22 0.003188452208369193 83
22 0.13840589458296104 84
22 0.0010330578512396695 83
22 0.3471345649012977 95
22 0.04576205737937989 88
21 0.19060443985663536 83
21 0.21973798691833563 89
21 0.11487119147437913 85
21 0.06774568965024123 87
21 0.051423863142846096 86
21 0.01190043637703507 75
21 0.19699853024825947 80
21 0.07334196212678427 87
21 0.26095436451910853 86
21 0.15924281085321634 82
21 0.20901076311915057 85
21 0.09044256446092988 98
21 0.23039336476145408 94
21 0.12281534601979968 86
21 0.1957301020594406 86
21 0.27647102647169874 88
21 0.0012086493289500807 77
21 0.2645578623851512 96
21 0.06291596441705638 78
21 0.2257817585575616 86
21 0.0061337103557064995 79
21 0.14207678573670104 85
21 0.25630737030692374 91
21 0.34019743266383556 96
20 0.1922214695396956 81
20 0.2576659273834577 86
20 0.0945349456097523 83
20 0.004533117523197455 82
20 0.007810722524086172 78
20 0.3463394753347754 94
20 0.10007445080691217 82
20 0.18562029302373212 82
20 0.06223920035145841 85
20 0.2786052940534219 93
20 0.10772029508505727 84
20 0.30615180746290194 99
20 0.16795849563032084 87
20 0.21060712613335747 90
20 0.08979021159331711 78
20 0.3104744105606187 94
20 0.13981265368684173 75
20 0.27933877098403187 92
20 0.1451516018153074 92
20 0.2756913001776494 90
20 0.2746863276270949 91
20 0.24949782645230742 88
20 0.1678003133717737 85
20 0.32462791189598017 97
19 0.11065127319558349 74
19 0.104380837182982 84
19 0.007601534013561532 74
19 0.07707223046125448 75
19 0.39900204609345885 92
19 0.03021857490811542 83
19 0.395703492236253 97
19 0.29745061727154964 96
19 0.1306195277539375 78
19 0.26888286584358245 96
19 0.0680895629451989 81
19 0.1383831179131314 81
19 0.11841156945418956 85
19 0.05893558531437701 83
19 0.28302994780245044 97
19 0.06276266986307782 86
19 0.005245102027503945 79
19 0.11303317795415165 82
19 0.14933939399833437 83
19 0.13570924731471934 91
19 0.3025861560198014 95
18 0.0032309324488782984 70
18 0.19489724452798463 83
18 0.032806320788514094 81
18 0.08863023557511433 85
18 0.18076933669935527 81
18 0.07887173505971146 81
18 0.22137946920274756 87
18 0.014068228767044107 76
18 0.3181441022678373 91
18 0.4217921826916792 98
18 0.30204358571863527 92
18 0.09868464698381747 86
18 0.029029780605691453 87
18 0.01633290672773654 77
18 0.9071771365889012 100
18 0.24055699985445209 82
18 0.18708954479508738 80
17 0.14627559393388243 85
17 0.1286736691996408 80
17 0.008148838596475538 74
17 0.05363866115813607 79
17 0.1583621045547569 83
17 0.5625255754475704 99
17 0.11344831298037339 79
17 0.06549844773396296 78
17 0.2904769524256867 91
17 0.032730031180233696 82
17 0.17070099649064055 75
17 0.18766886242745603 77
17 0.334522064533049 96
17 0.1636696312946353 79
17 0.01912480020683715 89
17 0.3162514110634571 98
17 0.13995659405215777 81
16 0.11589293917597285 82
16 0.10877256090147495 74
16 0.35228625771720196 97
16 0.20180626344415345 78
16 0.1685931645206051 76
16 0.19370891444592228 84
16 0.15399742628911217 73
16 0.12546279990152986 82
16 0.07810418848260053 85
16 0.2898491159453861 96
16 0.2322570207774387 81
16 0.1726233215312466 84
16 0.2729962661256208 94
16 0.21758360638211793 80
16 0.055037569210342766 80
16 0.08940250229239309 79
16 0.05374124786534998 77
16 0.07628748245301206 82
16 0.003679567277089731 73
16 0.2590372451057192 87
16 0.3130068265468807 93
16 0.2786324786851799 86
15 0.2638336962730022 89
15 0.1588033821430373 80
15 0.12062135417281153 72
15 0.11775772200254647 78
15 0.16050988221037726 74
15 0.005805448216674 76
15 0.17989504224741742 88
15 0.1270447681336598 80
15 0.14376807901470487 77
15 0.05640721726887378 82
15 0.010287894479485296 70
15 0.04962273061107588 77
15 0.10397870396027709 76
15 0.00042207400965069917 0
15 0.26290535379479524 96
15 0.23337694776257578 84
15 0.007996300665036551 73
15 0.33518739531333236 98
15 0.18896637564994195 79
15 0.24437966360131858 85
15 0.17097903916506282 71
15 0.14552113418906695 77
15 0.21564962462437334 87
14 0.07388395797423152 82
14 0.065231297880615 70
14 0.1003004832654801 80
14 0.008122334578157715 75
14 0.2588350207634543 88
14 0.0784076305677096 71
14 0.34904404987992355 92
14 0.40636756349580816 99
14 0.21467926394444167 83
14 0.2866107261166257 93
14 0.3488873487060872 94
14 0.3907732554557692 96
14 0.15267993437303398 75
14 0.04052546406789631 71
14 0.30506444788261683 83
14 0.03888810249728987 80
14 0.23065073969204214 87
14 0.11848346537183337 73
14 0.13103373877108285 70
14 0.006397058226326519 68
14 0.3087973576575994 90
14 0.008312785816367274 72
14 0.10725344926830793 76
13 0.03943315622758444 79
13 0.08863242940301576 77
13 0.2309178172694692 82
13 0.1588414683402899 71
13 0.2007924072624082 77
13 0.07655190174205315 70
13 0.5010989010989011 99
13 0.4090492521470782 97
13 0.0984574448831888 77
13 0.04771728328320449 82
13 0.4419066569801864 93
13 0.15459687554511345 82
13 0.37995801626681297 91
13 0.37300981913518344 89
13 0.19551080005505306 79
13 0.05807995183169123 72
13 0.24708010259713833 80
13 0.010704645515861347 72
13 0.2921617949312612 87
12 0.10522651862580319 79
12 0.1341210182085313 51
12 0.24894143365810564 83
12 0.4499071372124765 95
12 0.41475953697621565 96
12 0.06188979149151037 75
12 0.07189407529155478 84
12 0.10493530615553243 75
12 0.2122233282396546 82
12 0.3014030736327307 94
12 0.37264020598828207 95
12 0.16876028153781672 66
12 0.05648621653363972 73
12 0.04173349111202343 76
11 1.3333333333333333 100
11 0.15861632895728603 68
11 0.003441030514201246 71
11 0.26873305366880296 83
11 0.13074913889744547 73
11 0.3205275078297951 93
11 0.17992151625813638 76
11 0.24218245163437563 79
11 0.34582766625478223 89
11 0.11605883877016336 67
11 0.07706746294622094 73
11 0.4110491180234497 85
11 0.3989414340559314 94
11 0.23633003716085452 78
11 0.04827487464394331 80
11 0.29292150959187996 84
11 0.25965867491149114 81
11 0.34488915824753885 84
11 3.0 100
11 0.13950413785443594 79
11 0.08129105944517814 72
11 0.03426449595029071 85
11 0.33571662742126057 91
11 0.07592159710676127 79
10 0.120105290471839 64
10 0.3061906992936509 88
10 0.05114160411721733 67
10 0.08408707404533508 69
10 0.2597203655293147 84
10 0.03999858543298685 69
10 0.39380863978519887 88
10 0.04561054384722183 74
10 0.3376623652271164 92
10 0.3153124543205982 89
10 0.06515470452109311 74
10 0.14090112003543767 68
10 1.2385714285714287 100
10 0.1722527623818872 78
10 0.3618701532638815 93
10 0.2825636971475068 78
10 0.0774507721405046 76
10 0.11223873175891264 67
10 0.12460108136860984 67
9 0.09554399280476844 81
9 0.371363590849515 91
9 0.013878826511265941 59
9 0.14982715246917877 82
9 0.11218455645852951 57
9 0.16495508463207165 67
9 0.006565075025961923 63
9 0.18535848920158315 73
9 0.1776873630514106 64
9 0.09634282596772718 64
9 0.33900183858342275 85
9 0.22669942177057648 84
9 0.2274413454931651 74
9 0.3302122082038556 82
9 0.4079809997535345 86
8 0.20134160771289572 70
8 0.502867975734355 97
8 0.4099851437189963 90
8 0.12100209849776308 71
8 0.06586972916953301 66
8 0.30064169757565984 87
8 0.0 58
8 0.46751306695553324 98
8 0.40387513985859574 93
8 0.15432925650507986 48
8 0.052240982878243275 65
8 0.12644869104798784 70
8 0.09071370386397208 68
8 0.13191830879720662 0
8 0.1718312734189989 72
8 0.0008620689655172414 66
8 0.3209384827864518 86
8 0.1383595095344901 52
8 0.3002209301516568 82
8 0.004461733334439496 67
8 0.004104853479853479 63
8 0.00562435699138456 61
8 0.5806451612903226 92
8 0.004655720067626415 65
8 0.16916371855718174 69
8 0.1370845838666686 76
8 0.02298788560746312 67
8 0.207488865838732 75
7 0.0914179558875956 66
7 0.14833387114733934 63
7 0.39979849227140246 93
7 0.43766287666663606 95
7 0.4445423519499632 88
7 0.43863141689228646 99
7 0.23782290064151085 65
7 0.45965886354541813 96
7 0.1029323379162511 61
7 0.45618391337560216 92
7 0.34234717413767257 88
7 0.13329053736938967 62
7 0.3150048210478383 70
7 0.010712505197958954 64
7 0.0028149190710767065 62
7 0.0744604432442517 63
7 0.15570764601910497 57
7 0.4775980369307361 90
7 0.0031975735475679944 61
7 0.35013577720734285 79
7 0.5811401952085182 99
7 0.01288943079412234 69
7 0.2336557953073868 76
7 0.5461134342254181 97
7 1.1217651396222823 100
7 0.012650189115987162 50
7 0.1607706533206604 72
7 1.6666666666666667 100
6 0.28950901232621434 85
6 0.18790579481255298 72
6 0.07037853589123344 55
6 0.0 45
6 0.0 44
6 0.6122448979591837 86
6 0.25853506845198 77
6 0.21595899461541587 76
6 0.003342263043755581 57
6 0.23586260411110785 69
6 0.35929713520146245 86
6 0.30631093069182785 79
6 0.28874546906902376 83
6 0.4195324047297732 91
6 0.07762114003587113 56
6 0.17300546917496465 60
6 0.3778168709098628 87
6 0.5811286072506269 98
6 0.18349080055590236 67
6 0.0922222792500495 58
6 0.12303183809748257 54
6 0.013274107207571004 47
6 0.46363005762221904 94
6 0.6128535353535354 97
6 0.17758542239023956 58
6 0.028227758120805416 56
5 0.15549037255910045 59
5 0.1206706715164432 59
5 0.08157394218684541 68
5 0.05986733562033393 60
5 0.014391502878697638 53
5 0.2847741960164937 78
5 0.0 56
5 0.3275328218243819 86
5 0.019413002637661797 68
5 0.04083850931677018 0
5 0.2568246719740528 75
5 0.23044142491141173 74
5 0.2551701359427967 72
5 0.0 43
5 0.20683463684126932 68
5 0.18222222222222223 0
5 0.12642081956343987 69
5 0.0 49
5 0.23825524869901912 71
5 0.0721869743779404 57
5 0.19571140399908654 59
5 0.11413176957899288 66
5 0.10804913220255952 42
5 0.45937745974955274 99
5 0.34126380951558477 81
5 0.19583209503730034 61
5 0.31225100853184345 76
4 0.4535996439301213 92
4 0.3527387041773231 72
4 0.2612933493273888 70
4 0.27152321722229006 55
4 0.0 42
4 0.2703136925948597 66
4 0.15522416276445558 50
4 0.0 54
4 0.13784580768575175 56
4 0.1838918802645336 55
4 0.2769386210022992 76
4 0.01809691857462558 53
4 0.11896019945599916 55
4 0.48430572660098525 96
4 0.0 44
4 0.1492803239951324 63
4 0.30268853190539935 80
4 2.5 100
4 0.35891812865497075 80
4 0.0820675684191666 62
4 0.03324463636512661 48
4 0.1262571655894283 53
4 0.31648698053079527 74
4 0.4250052871687966 83
4 0.13847204071441474 65
4 1.4008928571428572 100
4 0.01395099143260908 65
4 0.20734494470907516 63
4 0.5173160173160173 98
4 0.2634910282623246 64
4 0.0 51
4 0.10592759041045274 48
4 0.165959048790714 65
3 0.3340164757886277 83
3 0.09530893110128082 60
3 0.0033112582781456954 51
3 0.7777777777777777 99
3 0.1269065505216276 61
3 4.0 100
3 0.0 46
3 0.07673938262173556 63
3 0.23818464528919034 67
3 0.08665099052374294 49
3 0.5138689622190339 93
3 0.16061105498775963 47
3 0.07362935167813217 52
3 0.8709677419354839 92
3 0.5642047577531448 91
3 0.11537745838631501 62
3 0.5523763853367434 96
3 0.01982651796778191 47
3 0.11942738541301752 44
3 0.49406942264085124 89
3 0.39435620471616967 87
3 0.23162312375002578 60
3 0.5277992277992278 95
3 0.4390189484224159 79
2 0.6186335403726708 96
2 0.0 39
2 0.0 12
2 0.3263888888888889 77
2 0.5714285714285714 0
2 7.0 100
2 0.0 40
2 0.0 55
2 0.37108588170664714 73
2 0.5 0
2 0.24615636763524085 52
2 0.06620700843608048 41
2 0.11096153846153846 39
2 0.017423827768655354 62
2 0.724537037037037 88
2 0.3666666666666667 0
2 0.586489898989899 84
2 0.15106262497566844 46
2 0.967741935483871 90
2 0.21504614490226 72
2 0.567907995618839 89
2 0.33636363636363636 68
2 0.4592490842490842 86
2 0.11648849244178128 43
2 0.023002421307506054 58
2 0.36875 78
2 0.4646825396825397 91
2 0.14410952946489805 45
2 0.6303475935828877 92
1 0.0 33
1 0.10194730813287514 46
1 1.8888888888888888 100
1 0.7142857142857143 87
1 0.0 38
1 0.07906976744186046 22
1 0.358974358974359 69
1 11.0 100
1 0.012048192771084338 26
1 0.1950354609929078 29
1 0.2420091324200913 34
1 0.6904761904761905 90
1 0.32786885245901637 53
1 0.6111111111111112 90
1 0.2148936170212766 37
1 0.07769423558897243 32
1 0.12534818941504178 31
1 0.7333333333333333 93
1 0.29838709677419356 62
1 0.05519480519480519 28
1 0.0 37
1 0.66 88
1 1.75 100
1 0.0 17
1 0.1126005361930295 36
1 0.23404255319148937 57
1 0.5882352941176471 94
1 0.4560327198364008 57
1 5.333333333333333 100
1 5.0 100
1 0.45588235294117646 74
1 0.0 37
1 0.5535714285714286 63
1 0.8461538461538461 91
1 0.20298507462686566 45
1 0.4444444444444444 76
1 0.008691206543967281 29
1 0.5223880597014925 82
1 0.5227272727272727 88
