count robl ncl
482965 6.3709028126739555e-09 0
11944 6.862626684088589e-07 1
4367 0.24999551122163735 0
4141 0.0 2
3930 0.2000071777266656 0
3452 0.1666630536438405 0
3383 0.3333374607932261 0
2709 0.1428469862041038 0
2564 0.5 0
2376 0.1249849431902456 0
1894 0.11115384447115019 0
1830 0.10002374422070198 0
1800 3.728560775540641e-06 3
1628 0.28571862448641977 0
1504 0.39999703054772673 0
1500 0.09093126933060779 0
1323 0.22224490034896746 0
1176 1.0 0
1123 0.08333625144801099 0
1105 0.1818291624121333 0
977 0.15388298881955206 0
976 4.7316142489365886e-05 4
943 0.0716771372117247 0
932 0.07689924237633197 0
815 0.13322984076697683 0
741 0.06686376607800433 0
656 0.11776244466277988 0
638 0.30000587063381023 0
616 0.06266916347777034 0
600 0.048896338605019726 0
593 0.37490755547444043 0
569 0.23015691769383662 0
546 1.744287458573173e-05 5
529 0.05583256499468069 0
511 0.21478874903813963 0
504 0.24997682126382312 1
475 0.2000266394410233 1
471 0.05897243219507859 0
470 0.27275063536297334 0
470 0.33335752178532707 2
467 0.6666523911491792 0
451 0.03659494326401024 0
440 0.044662134469079205 0
437 0.16667307120485916 1
433 0.10544565925854142 0
413 0.052624623404958465 0
398 0.03129595039926574 0
386 0.4285380422686122 0
386 0.15913734857855397 0
383 0.3333492238193479 1
375 0.1872291233996498 0
372 0.09546525736466578 0
370 0.14284956864187534 1
359 0.13687559327376425 0
357 0.17678492420296255 0
343 0.16700984263829274 2
333 0.14903357590771482 0
328 0.2357824329120525 0
327 0.3638885773807176 0
323 0.09156633734757315 1
320 0.12509693235341507 1
304 5.715668045383827e-05 6
304 0.040909739479225674 0
304 0.11119677717091392 1
301 0.12984396654998173 0
298 0.20899770623793687 0
298 0.25005308486274186 2
295 0.09983303256028205 1
292 0.5 1
291 0.08007069686457184 0
279 0.2001040719523953 2
275 0.19155102363549711 0
262 0.08705702545750373 0
260 0.1253982625350868 2
259 0.022188763092785797 0
256 0.14303479061965796 2
249 0.026776226394572146 0
246 0.06079865222091588 1
228 0.4000059070234509 1
221 0.3073460272829255 0
220 0.03777398543918443 1
218 0.2669313980992848 0
215 0.08403184522227701 1
210 0.28542549089314323 1
207 0.04697569388283442 1
203 0.07733645501517641 1
201 1.0 1
200 0.1795444279724754 2
199 0.22240869511515815 1
195 0.05419324823463363 1
194 0.44452987284029205 0
191 0.1337387039862828 2
189 0.13252262605879317 1
189 0.11769310356206066 1
189 0.600188527402698 0
185 0.09961303103637585 2
182 0.38515532280289233 0
181 0.0648240438293447 2
181 0.08394208540504088 2
179 0.06672407504659603 1
179 0.07189570881713682 1
179 0.09175430351578678 2
178 6.851192107426693e-05 7
177 0.016467237142376634 0
177 0.11124686621907387 2
176 0.18177515811953907 1
176 0.2498225355043537 3
173 0.41573907281713574 0
172 0.07125981889644417 2
172 0.15205886410100816 2
169 0.17302110890774547 0
168 0.5000725900116144 2
165 0.12464927959526433 4
165 0.02863572391495487 1
164 0.22161990380426821 2
163 0.0648745963577802 3
158 0.2625120390055202 0
158 0.049295835514064607 2
158 0.1540344213698454 1
155 0.15943796263212734 1
155 0.0002401870554387265 8
152 0.18911672732372642 2
149 0.17540635564934381 1
148 0.21201068444986493 2
146 0.20002951660628776 3
145 0.250037890548835 4
144 0.07753146670414204 2
143 0.27808667286353406 0
139 0.35727310923721534 0
138 0.27361143681720096 1
138 0.2935024519883819 0
134 0.057501013696383795 2
134 0.10559806305688497 1
133 0.11775096349492054 2
133 0.1423663297422385 3
130 0.7504733273343696 0
129 0.29897152471110117 2
129 0.2300426306819874 1
128 0.21472913833626683 1
128 0.16792523909264928 4
127 0.12540406120638187 3
127 0.23451662985845909 3
127 0.07432376798763686 3
126 0.040507432610257896 2
125 0.2855591726042549 2
123 0.37513341267896916 1
123 0.154842316104808 4
121 0.31809585100715987 0
119 2.0 0
118 0.16676494378317572 3
114 0.5001329080276449 3
114 0.10016742194987498 3
112 0.35170225356343865 0
112 0.10517934165443185 2
112 0.33347502192359774 3
111 0.23742192088902006 1
111 0.4000121333454667 2
108 0.14323187043115276 4
107 0.11194904359188967 3
107 0.08356987654154299 3
107 0.24131660900057356 0
106 0.26336297144443005 1
106 0.2087746019513331 1
105 0.14933450169841211 1
103 0.22331817462575757 3
103 0.032850237062965935 2
103 0.2298808657257838 2
103 0.27439377284808986 3
102 0.151644688050289 3
101 0.04575294898734922 4
101 0.31243254685639765 0
100 0.057181610695430346 3
99 0.18978074918962357 3
98 0.2998966516301748 1
98 0.27399063020468284 2
97 0.1584091562253943 2
97 0.26337150662520253 2
96 0.18696127557515474 1
96 0.17554970709676523 3
95 0.13339069598246234 3
94 0.04897426493828798 3
94 0.2153503868822735 3
94 0.008141188687781777 0
93 0.20005326385636105 4
92 0.34553662073220565 0
92 0.1808105500999071 5
91 0.11296012132168957 4
89 0.47077327529216784 0
88 0.2986915318306628 3
86 0.00021520706955223482 9
85 0.1340653200407201 4
84 0.23582577232826682 4
84 0.2127020876725557 4
83 0.030180763247205818 3
83 0.08288739474942111 4
83 0.09075250213069867 3
82 0.28617801118778247 3
81 0.13726500507225073 1
80 0.5714285714285714 0
80 0.18232707516903568 3
80 0.07312778831177315 4
79 0.1399016576820012 6
79 0.0007763044734134766 10
78 0.09975005916717399 4
78 0.15772039941371147 5
78 0.05579163961031199 4
77 0.03546252090685075 4
77 0.20162771786330785 5
77 0.3155806288303681 1
76 0.09212981942768111 4
75 0.0642231354134766 4
75 0.5 5
75 0.18028116061249247 4
74 0.4285615285615285 1
74 0.36216197742513534 1
73 0.10601116474668926 3
72 0.27506617109190334 4
72 0.15301119520114898 6
72 0.3071109655286317 1
71 0.25782652953926766 0
71 0.666913763281443 1
71 0.10590823203138447 4
70 0.19183738089329724 1
70 0.26300958349875636 3
69 0.07858422404945231 5
69 0.04016997944287762 3
68 0.12411171861274482 7
68 0.17151042983315823 7
68 0.1340332877601402 5
68 0.11916872625739731 3
68 0.16836869151940098 5
67 0.23830111215002295 2
67 0.08985082599105673 5
67 0.05749243196720145 5
66 0.1591409367388688 3
66 0.09927243328363718 5
65 0.2233620107670007 4
65 0.14608707425342526 5
65 0.017624130280940595 1
64 0.024980962956631162 2
62 0.4370067788686302 0
62 0.06806017064965461 5
62 0.6660341555977228 2
62 0.4543359865940511 0
61 0.19179595619149348 5
60 0.21290282044336087 5
60 0.3760985605000053 3
60 0.19018447465121746 4
60 0.31281408388118453 3
58 0.0916615407270571 7
58 0.799722906403941 0
58 0.2502963250447576 5
58 0.09542773632760741 3
56 0.19854750791512948 6
56 0.2912170045740651 5
56 0.1259268496280726 6
55 0.1421579077663271 8
55 0.15455502517298428 7
55 0.356622942155234 3
54 0.3983146763040408 3
54 0.3749796456589055 2
54 0.10893506705147163 7
54 0.3156863647223649 2
53 0.18661207348867528 6
52 0.2085084299505901 3
52 0.16476590734398 6
51 0.11002945638296813 8
51 0.04978241936196116 9
51 0.11315144235587715 6
51 0.14105121956071032 7
50 0.1250598949316082 5
50 0.0 12
50 0.3330170987313844 4
49 0.22213076265965107 5
49 0.26385015070299855 4
49 0.38531651675949713 1
48 0.3068820763957571 2
47 0.17525529548576224 6
47 0.44398484216381584 1
47 0.4619274018539053 0
47 0.046613598309295186 5
47 0.31294287434578505 4
47 0.33207381057455276 5
46 0.10904931930823636 5
46 0.4289960087772714 9
46 0.31557007977264667 23
46 0.16050833690906482 9
46 0.022809724980873428 5
45 0.5 4
45 0.41624512712598205 1
45 0.020665729718542664 4
45 0.29355476744028813 1
45 0.29865833120952745 4
45 0.10188989154535502 6
44 0.1706453556066424 10
44 0.18494002952850577 7
44 0.035099802101419046 5
44 0.02570771253884185 7
44 1.0 2
43 0.16780314347059952 11
43 0.1252063252913743 8
42 0.1971955678000453 8
42 0.053737265534676795 6
42 0.35011705822298633 1
42 0.08428573587624062 6
42 0.09273058203919293 6
42 0.4244204100125287 3
42 0.22944901326947859 8
42 0.7494699634239661 11
42 0.18213075093423528 8
42 0.07263009709761285 7
42 0.13850754406632776 9
41 0.019634996746586943 3
41 0.04353403413224527 7
41 0.21182012311799284 6
40 0.3121142319288344 5
40 0.22512253192305426 6
40 0.2871542049132017 4
40 0.2014720219025678 9
40 0.0 11
40 0.20921353494484726 7
40 0.4290372670807453 2
40 0.06382102108448268 6
40 0.05783933845176194 7
40 0.35270370461414646 2
39 0.5566239316239316 0
39 0.07274838864000707 6
38 0.30876079957829505 6
38 0.2321907667049111 5
38 0.3976671981199712 6
38 0.12089589453144414 9
38 1.0 3
37 0.23829428965285576 6
37 0.5722752828015986 3
37 0.11711451595325208 5
37 0.5432936432936433 0
37 0.2625825960553793 6
36 0.25049856404461135 6
36 0.29617933445311423 11
36 0.2745364374513029 6
36 0.355902081212503 5
35 0.23859178707979542 32
35 0.2757910131656305 22
35 0.18042560469798408 9
35 0.380774414762282 10
35 0.5995382395382395 1
35 0.2631902234220448 5
34 1.0 25
34 0.2892873120494125 6
34 0.06868120727553988 9
34 0.15593762714749554 8
34 0.36901993433758984 24
34 0.035790628934705956 6
33 0.0885919550704853 9
33 0.27457937987496234 5
33 0.3599908322925731 13
33 0.1120561568691904 11
33 0.30434309024340356 8
33 0.22305900677103496 7
33 0.3565311400025758 7
33 0.16770917134202115 8
32 0.3680730283781554 16
32 0.23969223943909418 5
31 0.38007590132827324 12
31 0.4565748767361671 1
31 0.04519798064340421 6
31 0.17471676802287536 12
31 0.19744041659464442 7
31 0.14414844598876922 15
31 0.14075060627375002 10
31 0.0913801112925733 8
30 0.0007690631808278867 14
30 0.10215592828294978 10
30 0.2360747436723615 9
29 0.0939661469738919 11
29 0.023676956943445005 6
29 0.15565220510164413 12
29 0.2502344572053653 7
29 0.027753018142004815 9
29 0.15606496224352412 10
29 0.0 13
29 0.25198822476110877 8
28 0.2350069937188179 7
28 0.33334143395419463 6
28 1.0 15
28 0.7692307692307693 19
27 0.4073094258279443 35
27 0.06433615280285086 8
27 0.01625974789668905 2
27 0.2658669537024618 7
27 0.4285412654977872 4
27 0.12102510202391173 10
27 0.6244234160900827 0
27 0.5725888796064235 1
27 0.375 49
26 0.5504290395594743 1
26 0.28293051659822654 7
26 0.05086814967913665 10
26 0.3167843624031575 7
26 0.10624864829574267 9
26 0.3644890197521776 2
26 0.3509401551194577 4
25 0.38292532543713675 5
25 0.13949455072204617 11
25 0.27150430980958945 8
25 0.14573911818303664 14
25 0.33333816654095927 7
25 0.21155116442013508 8
25 0.03866730766665554 8
25 0.18432099046413128 11
24 0.07260315752668857 11
24 0.18656492220820953 10
24 0.3994047619047619 4
24 0.5 8
24 0.22559991555342138 10
24 0.2748002633577729 9
24 0.3746404829738163 4
24 0.06760145046442327 10
24 0.07682215604391729 8
24 0.39975399506649506 5
23 0.28772256486708914 8
23 0.1393259473729275 12
23 0.2922617298473251 9
23 0.2530281526126073 9
22 0.25098287773022127 12
22 0.371194515213654 6
22 0.024584618332159625 8
22 0.05386038381629668 11
22 0.07771011751890315 13
22 0.40417191428308796 7
21 0.21998220002849958 9
21 0.3062210040784707 7
21 0.4462423325732362 5
21 0.20751446397574314 10
21 0.3865716819327436 2
20 0.7152867965367966 0
20 0.11055356282541647 13
20 0.856043956043956 0
20 0.31237631054327675 9
20 0.6130468142968143 5
20 0.44345833333333334 2
20 0.07298158276524645 12
20 0.8571428571428571 46
20 0.09337711315706233 12
20 0.12635271234119752 15
20 0.414851104225275 2
20 0.15225455795966406 13
20 0.583679329321681 0
19 0.12331737891289574 12
19 0.5720278958265228 2
19 0.36503354695915 4
19 0.16208692844429193 14
19 0.05325165443210593 8
19 0.33306443349067283 10
19 0.1645741795032498 20
19 0.3942210838281296 8
19 0.5993808049535604 2
19 0.032514927643679185 10
19 0.15288677344413926 11
19 0.2784419498312498 11
19 0.23556817063939198 15
19 0.1999785843674621 11
19 0.44600573403204985 7
19 0.3554610204377246 6
18 0.23448566179160268 11
18 0.1265158558640178 11
18 0.11094446990956117 12
18 0.423606102088407 6
18 0.2657824985903032 10
18 0.0572161847028293 14
18 0.17579974627667488 17
17 0.08685466067292893 10
17 0.07934461750974962 14
17 0.18686948479328536 16
17 0.4601685780007223 2
17 0.4543862999745352 3
17 0.061818794793090014 15
17 0.6666666666666666 3
16 0.5276727710644653 0
16 0.42414348594481904 8
16 0.19407720117790173 12
16 0.4587861462861463 4
16 0.001901395720889982 18
16 0.29880062985838285 16
16 0.5506461675579323 2
16 0.3386687288171133 11
16 0.33752492359868813 8
16 0.8323863636363636 0
16 0.7512019230769231 5
16 0.5494366744366744 4
16 0.2961790138646163 7
15 0.02849957058923128 11
15 0.21802625078039697 11
15 0.2667744360124292 15
15 0.3066956069669248 10
15 0.3336111111111111 20
15 0.05163182439704787 12
15 0.47318615791617685 1
15 0.11182002831810907 17
15 0.6004195804195803 3
15 0.4568450012017791 6
14 0.20518955904870365 13
14 0.10543114702161303 14
14 0.13414670324961328 13
14 0.5322617085111556 4
14 0.32673433602331686 14
14 0.15591834949098463 16
14 0.2443262785381012 10
14 0.21937907809841609 12
14 0.20667200332868613 14
14 0.22710994471669285 16
14 0.16830899226065274 15
14 0.5533910533910534 3
14 0.24957464767276796 13
14 0.2543872104830467 11
14 0.13967371913388682 17
13 0.18299554380032326 14
13 0.1665557324599039 13
13 0.15900856275143335 18
13 0.26340321955241675 14
13 0.41640703714060073 4
13 0.37871731726830116 7
13 0.09825509364088542 15
13 0.38625904010519396 4
13 0.797542735042735 1
13 0.2942998463310143 15
13 0.4539567270336501 8
13 0.31229896870627105 11
13 0.030640377632340395 13
13 0.2990510766577384 14
13 0.13096958153644192 21
13 0.40476190476190477 28
13 0.7523950408565793 3
13 0.05501304498846557 13
12 0.02052733142054469 12
12 0.18872365149160922 23
12 0.03573301123131534 12
12 0.3251814935282677 12
12 0.5 7
12 0.3399493519060311 9
12 0.19631431030301813 15
12 0.6246871184371184 1
12 0.3847111776862451 13
12 0.5 31
12 0.6999999999999998 61
12 0.20496727253444877 20
12 0.03329015155594902 14
12 0.4666501013727676 3
12 0.2568840092329407 17
12 0.13702603988124015 18
12 0.4421296296296296 3
12 0.5643915343915343 5
12 0.11703087218511123 22
12 0.44170875420875416 4
11 0.034834658727037 15
11 0.28232289597826743 10
11 0.001741012610577828 15
11 0.17947435698379863 18
11 0.7458677685950413 4
11 1.0 4
11 0.09666850800877345 20
11 0.09478123074707501 13
11 0.094839538272597 16
11 0.42391446936901483 12
11 0.2947056606526592 13
11 0.07946982792099234 15
11 0.06613971326189304 16
11 0.11444622914640794 18
11 0.0 17
11 0.4385000442864893 10
11 0.4210858800642082 5
11 0.534419991772933 1
11 0.24773807404067283 19
11 0.7484848484848484 1
11 0.002737731476734409 16
11 0.09445059475177886 19
11 0.7959595959595961 2
10 0.030889162537066157 24
10 0.13769661971292865 24
10 0.6647058823529411 4
10 1.0 5
10 0.13614504404420094 20
10 0.49782608695652175 6
10 0.3705693779904306 9
10 0.2880374116493683 20
10 0.6301365043625106 3
10 0.18410631035631037 13
10 0.3192075871765817 8
10 0.39252747252747255 9
10 1.5 1
9 0.25358525757327954 18
9 0.23407118826498804 14
9 0.2752536210414866 12
9 0.7157287157287158 3
9 0.3498983778869927 19
9 0.22061022034828748 33
9 0.6719666499078263 5
9 0.5727513227513227 4
9 0.6982456140350877 0
9 1.5 0
9 0.15821394498375754 22
9 0.4751839029622738 4
9 0.33432734204793024 13
9 0.7126984126984127 1
9 0.6409769968593498 0
9 0.3605208548065691 12
9 0.36468739044476794 8
9 0.3635849794860764 11
9 0.133256456965788 16
9 0.46830197666110984 5
9 0.11569176927168488 16
9 0.05843238902618944 23
9 0.2206047520259469 22
9 0.036384291502650004 16
9 0.07868198811400925 21
9 0.27109223082535294 13
8 0.03754106675382071 19
8 0.4609357218703861 9
8 0.596396671316748 6
8 0.7354166666666666 14
8 0.1620445259013736 19
8 0.5806451612903226 73
8 0.31187689231461563 13
8 0.2832142546224101 24
8 0.3999269005847953 18
8 0.11210222224415392 35
8 0.06715927570157884 17
8 0.4411764705882353 35
8 1.0 6
8 0.2522934828182951 22
8 0.433995482808508 18
8 0.15636153055501933 23
8 0.14070396231460447 27
8 0.8571428571428571 4
8 0.531746823911003 3
8 0.12781691509523319 14
8 0.4061157238014823 10
7 0.6077306498636321 81
7 0.13210393875418505 19
7 0.08633601553635765 18
7 0.22898938179869116 30
7 0.052873526016939024 30
7 0.1829875985067922 19
7 0.3513848651348651 17
7 1.3333333333333333 0
7 0.2137887098814411 19
7 0.07282515040591689 25
7 0.21749725563605113 24
7 0.09060266261551193 23
7 0.32062460442862895 22
7 0.17481123089057224 27
7 0.09024723139905247 31
7 0.2608444833088325 27
7 0.17679795758379502 38
7 0.3960862266984716 17
7 0.13425362542617583 30
7 0.1355956980235321 26
7 0.8387354941976791 2
7 0.7142857142857143 2
7 0.6281512605042018 22
7 0.21554672967716446 18
7 0.6703296703296703 13
7 0.5983193277310924 4
7 0.11271824153545996 27
7 0.4291668654603864 21
7 0.6926619433198381 3
6 0.6666666666666666 6
6 0.4711406784936196 8
6 0.75 27
6 3.0 2
6 0.047406584182123956 22
6 0.23522293119067314 20
6 0.31875000000000003 17
6 0.00273224043715847 21
6 0.6277913752913753 2
6 0.0018115942028985507 26
6 0.5790513833992095 20
6 0.24005200481896738 21
6 0.1730069061018045 36
6 0.0 22
6 0.9132256632256631 0
6 0.13711850600836314 46
6 0.13190782583703067 23
6 0.035522055888229175 27
6 0.3125 16
6 0.8766534391534391 6
6 0.03693338914920106 17
6 0.3887750836120401 11
6 0.06633913626922723 19
6 0.5088935088935088 17
6 0.07437006464442215 27
6 0.1363083109531266 25
6 0.75 2
6 0.012179590304590303 23
6 0.22777535309401623 13
6 0.09255220767663559 32
6 0.23674901731940826 17
6 0.31590823599671153 18
6 0.33514334811670016 16
6 0.5271565092301396 7
6 0.19332122979723318 30
6 0.3584265734265734 10
6 0.41509750722438454 11
6 0.41391834349169243 19
6 0.5629761904761904 8
5 0.10513706197984896 25
5 0.03222130543293621 18
5 0.1500802836948225 57
5 0.08667437138025373 30
5 0.8833333333333332 0
5 0.33678029530832 67
5 0.0022222222222222222 20
5 0.8019047619047619 3
5 0.5678571428571428 6
5 0.09297673264545588 26
5 0.37485868298368297 22
5 0.1050192161159101 24
5 0.012304601254084608 36
5 0.0030303030303030303 24
5 0.2939519579034431 39
5 0.14697439011921307 32
5 0.5453968253968254 14
5 0.7 2
5 0.3064311716592023 43
5 0.10178594370151343 29
5 0.174230064454952 24
5 0.5 22
5 0.4728408041403586 10
5 0.03791891724095114 21
5 0.18469564575754624 39
5 0.13090539578405175 41
5 0.5397386823702612 6
5 0.19008397665715857 22
5 0.13050206152710567 37
5 0.2867718408117964 17
5 0.5994444444444444 8
5 0.08089033767811771 22
5 0.23903557312252963 25
5 0.7152024446142093 9
5 0.5 10
5 0.051637426900584794 18
5 1.5 3
5 0.291395464287121 18
5 0.5277062220769315 2
5 0.4967741935483871 12
5 0.05697278700053463 35
5 0.2733333333333333 19
5 0.05908260537416547 20
5 0.7244444444444444 55
5 0.4765184580358423 18
5 0.027739124318071684 20
5 0.42817360986947967 13
5 0.4527134030628006 21
5 0.7206926406926406 5
5 0.4506432748538011 15
4 0.1400716429830125 35
4 0.40204081632653066 20
4 0.040138238272124524 39
4 0.2550112356713629 30
4 1.1294642857142856 0
4 0.46554608585858587 12
4 0.5342843431078725 9
4 0.37340785907859075 32
4 0.5555555555555556 7
4 0.2741163648558015 32
4 0.1717240318385329 34
4 0.46013937282229966 14
4 0.7536764705882353 8
4 0.8333333333333334 1
4 0.3737619222303742 15
4 0.1608041746341647 44
4 0.32921559034572734 24
4 0.17592171594428319 41
4 0.8295454545454546 4
4 0.3267430401576743 26
4 0.1738474846177432 31
4 0.5574725274725275 10
4 0.17595783374053886 26
4 0.2059474677804337 28
4 0.08239591794230969 45
4 0.16624529483400452 25
4 0.6306818181818181 6
4 0.8 5
4 0.14818390495893258 51
4 0.12367282826265483 58
4 1.0 8
4 2.0 3
4 0.007154213036565977 27
4 0.2111996863854842 17
4 0.1476350653753674 67
4 0.49922600619195046 20
4 2.0 1
4 0.09219139740794888 33
4 1.0 17
4 0.13640681731562726 42
3 0.4206530470504506 15
3 0.13835575746544107 50
3 0.2111275298273345 47
3 4.0 0
3 0.5693581780538302 9
3 0.13284635290240537 62
3 0.38422151325377135 19
3 0.09035509454246822 41
3 0.25453130760226766 35
3 0.29107056992356156 28
3 0.12053669548870634 78
3 0.01587746671718078 17
3 3.0 0
3 0.245024513004462 34
3 0.5414141414141413 12
3 0.14322105788922646 96
3 0.03278644791249833 29
3 0.007560769879610459 42
3 0.15554585944352414 64
3 0.8709677419354839 73
3 0.13236331569664903 60
3 0.29323707130392024 47
3 0.6666666666666666 7
3 0.633968253968254 13
3 0.0584233781405816 26
3 0.6746031746031745 29
3 0.21597190318581835 44
3 0.08303303303303304 28
3 1.3916666666666666 0
3 0.17916195016142047 50
3 0.3575245205679988 14
3 0.3098765432098765 35
3 0.4844489519945909 16
3 0.6163600891861761 28
3 0.3274273104880581 31
3 0.7095238095238096 6
3 0.10983139037080945 43
3 1.6666666666666667 3
3 1.25 2
3 0.0005089058524173028 32
3 0.02717002717002717 26
3 1.3333333333333333 9
3 0.20293040293040296 25
3 0.8282828282828283 3
3 0.13174626198160302 29
2 3.0 12
2 0.19205579138872042 70
2 0.2486087328767123 72
2 0.0 30
2 0.33783783783783783 28
2 1.6666666666666667 14
2 1.0 10
2 0.13848987108655617 48
2 0.15641970694743354 81
2 0.625 14
2 0.9285714285714286 48
2 0.2561475409836066 26
2 0.24512987012987014 44
2 0.04266245309105274 92
2 0.898989898989899 13
2 0.15949000874655184 53
2 0.5954545454545455 10
2 0.3570234113712375 70
2 1.5 4
2 0.229752945026178 48
2 0.3040485829959514 53
2 0.7453703703703703 21
2 0.10118902779045127 88
2 0.6180555555555556 20
2 0.625 8
2 0.21035765611237311 50
2 0.13337314474355189 56
2 0.8571428571428571 10
2 1.2 6
2 0.527536231884058 35
2 0.31789473684210523 61
2 1.0 21
2 2.0 6
2 0.6306818181818181 10
2 0.11575413223140496 34
2 0.8333333333333334 14
2 0.0 49
2 0.13620898933619124 107
2 0.04482182167270801 51
2 0.1705357142857143 29
2 2.0 14
2 0.024646305861217157 46
2 1.5 13
2 0.2403846153846154 37
2 0.271889400921659 41
2 0.37108588170664714 66
2 0.7113095238095238 19
2 0.21978343576236464 39
2 0.7958333333333334 4
2 0.05481391585760517 43
1 0.46153846153846156 30
1 0.35294117647058826 72
1 1.8888888888888888 5
1 0.6 26
1 1.6666666666666667 20
1 0.7777777777777778 57
1 0.42857142857142855 40
1 0.24770642201834864 115
1 0.18359375 80
1 0.8 8
1 0.75 34
1 0.8461538461538461 9
1 0.043478260869565216 49
1 1.25 7
1 0.9 20
1 0.145 139
1 7.0 7
1 0.5428571428571428 26
1 0.8333333333333334 59
1 2.5 0
1 0.09422492401215805 92
1 0.4117647058823529 38
1 0.10042735042735043 53
1 0.7142857142857143 22
1 0.9411764705882353 56
1 0.4166666666666667 132
1 1.0 35
1 0.4666666666666667 39
1 0.022023809523809525 181
1 0.6111111111111112 41
1 0.5 26
1 0.5714285714285714 51
1 0.09538461538461539 55
1 11.0 14
1 0.13445378151260504 76
1 0.205 60
1 7.0 16
1 0.9090909090909091 6
1 0.1519434628975265 100
1 0.008691206543967281 493
1 2.5 6
1 0.004804392587508579 62
1 1.5 21
1 0.5625 23
1 0.28125 58
1 0.3 140
1 0.22058823529411764 58
1 0.1590909090909091 125
1 0.0 80
1 1.5 6
1 1.3333333333333333 15
1 0.8461538461538461 75
1 0.23728813559322035 103
1 0.208955223880597 62
1 0.24242424242424243 134
1 0.75 17
1 0.07027027027027027 119
1 2.5 3
1 0.7 17
1 0.05947955390334572 69
1 1.1666666666666667 4
1 0.07277628032345014 102
1 0.9354838709677419 91
1 5.333333333333333 4
1 0.8571428571428571 28
1 1.2857142857142858 0
1 0.43333333333333335 27
1 1.25 1
1 0.18032786885245902 48
1 0.47619047619047616 37
1 0.8 10
1 0.09045226130653267 84
1 0.3515151515151515 74
1 2.0 18
1 0.1126005361930295 57
1 1.25 11
1 0.5535714285714286 114
1 0.6 33
1 0.8 48
1 5.0 3
1 1.0909090909090908 10
1 1.4285714285714286 50
1 0.056962025316455694 54
1 1.6666666666666667 5
1 0.28 44
1 1.0769230769230769 1
1 0.07207207207207207 61
1 0.22012578616352202 42
1 0.3902439024390244 30
1 0.03278688524590164 57
1 1.75 0
1 0.6086956521739131 38
1 0.1950354609929078 276
1 0.6363636363636364 11
1 0.6 13
1 2.5 19
1 0.5 13
1 0.15258855585831063 84
1 0.05263157894736842 33
1 1.0 23
1 0.28 68
1 0.3880597014925373 43
1 0.2962962962962963 65
1 1.5 10
1 0.5 34
1 0.45588235294117646 66
1 0.06153846153846154 75
1 1.2 1
1 1.5714285714285714 9
1 0.0 38
