count nobl midx
19368 2.0 99
9624 3.0 99
5426 4.0 99
3026 5.0 99
1729 6.0 99
958 7.0 99
627 8.0 99
301 9.0 100
182 10.0 100
91 11.0 100
68 3.0 98
66 2.0 95
56 12.0 100
46 2.0 98
32 11.0 98
31 13.0 99
30 3.0 99
27 12.0 96
26 11.0 99
25 5.0 98
22 14.0 100
19 3.0 99
18 7.0 98
17 5.0 99
17 4.0 97
16 2.0 98
16 3.0 98
15 4.0 96
15 2.0 96
15 2.0 98
14 2.0 99
14 4.0 97
14 3.0 98
14 5.0 99
14 2.0 99
14 4.0 99
14 2.0 99
13 3.0 98
13 5.0 98
13 5.0 98
13 6.0 97
13 17.0 92
13 2.0 98
13 4.0 97
13 2.0 97
12 3.0 97
12 6.0 94
12 14.0 99
12 5.0 99
12 5.0 96
12 3.0 96
12 2.0 97
12 4.0 99
12 4.0 98
12 6.0 94
12 6.0 94
11 4.0 99
11 3.0 98
11 3.0 98
11 6.0 99
11 4.0 97
11 7.0 99
11 2.0 95
11 2.0 98
11 5.0 99
11 4.0 98
11 3.0 99
11 3.0 97
11 2.0 97
11 4.0 96
11 7.0 98
11 4.0 98
11 3.0 99
11 6.0 95
11 3.0 96
11 2.0 99
11 4.0 99
11 5.0 98
11 4.0 97
11 3.0 99
11 2.0 97
11 3.0 99
11 6.0 96
11 4.0 96
10 5.0 99
10 3.0 98
10 2.0 98
10 3.0 98
10 2.0 99
10 2.0 99
10 3.0 97
10 4.0 96
10 4.0 97
10 2.0 98
10 5.0 99
10 3.0 95
10 2.0 99
10 2.0 99
10 5.0 98
10 6.0 95
10 5.0 97
10 5.0 95
10 2.0 99
10 6.0 99
10 2.0 96
10 4.0 99
10 3.0 97
10 2.0 99
10 3.0 98
10 3.0 97
10 3.0 94
10 2.0 96
10 2.0 97
10 5.0 96
10 2.0 98
10 5.0 99
10 3.0 99
10 2.0 98
10 3.0 96
10 7.0 97
10 6.0 98
10 2.0 97
10 2.0 99
10 3.0 99
10 3.0 97
10 2.0 97
10 6.0 96
10 5.0 99
10 2.0 95
9 4.0 98
9 5.0 95
9 3.0 99
9 3.0 97
9 3.0 98
9 2.0 95
9 5.0 94
9 3.0 98
9 3.0 99
9 2.0 96
9 4.0 96
9 2.0 97
9 2.0 96
9 5.0 99
9 4.0 98
9 5.0 98
9 5.0 98
9 4.0 97
9 6.0 94
9 5.0 96
9 2.0 98
9 6.0 99
9 6.0 99
9 4.0 99
9 6.0 99
9 3.0 99
9 6.0 98
9 6.0 98
9 6.0 99
9 15.0 100
9 6.0 98
9 4.0 99
9 2.0 95
9 2.0 97
9 6.0 98
9 5.0 98
9 2.0 99
9 4.0 95
9 3.0 96
9 6.0 97
9 3.0 98
9 5.0 98
9 4.0 97
9 3.0 98
9 2.0 97
9 4.0 98
9 5.0 99
9 7.0 99
9 6.0 96
9 15.0 93
9 2.0 98
9 2.0 96
9 4.0 97
9 6.0 99
9 2.0 99
9 3.0 97
9 9.0 98
9 16.0 100
9 2.0 98
9 6.0 97
9 7.0 99
8 2.0 99
8 2.0 99
8 7.0 98
8 3.0 97
8 5.0 99
8 5.0 99
8 6.0 93
8 7.0 99
8 6.0 98
8 4.0 99
8 4.0 96
8 2.0 97
8 3.0 96
8 3.0 99
8 6.0 97
8 5.0 96
8 5.0 98
8 2.0 96
8 4.0 94
8 3.0 99
8 4.0 94
8 7.0 98
8 3.0 97
8 18.0 92
8 3.0 95
8 5.0 99
8 7.0 96
8 5.0 97
8 2.0 99
8 7.0 99
8 5.0 97
8 3.0 99
8 6.0 99
8 4.0 96
8 2.0 98
8 3.0 99
8 7.0 96
8 6.0 98
8 4.0 95
8 4.0 95
8 8.0 97
8 2.0 96
8 2.0 93
8 7.0 98
8 4.0 96
8 6.0 98
8 5.0 96
8 2.0 94
8 8.0 95
8 3.0 98
8 4.0 99
8 6.0 97
8 5.0 94
8 4.0 99
8 5.0 97
8 6.0 99
8 3.0 97
8 5.0 97
8 5.0 95
8 4.0 99
8 2.0 95
8 3.0 99
8 4.0 97
8 3.0 94
8 5.0 95
8 2.0 98
8 2.0 96
8 4.0 98
8 2.0 95
8 6.0 95
8 7.0 97
8 5.0 96
8 4.0 96
8 5.0 97
8 4.0 97
8 3.0 97
8 4.0 98
8 9.0 93
8 2.0 96
8 9.0 95
8 2.0 98
8 2.0 99
7 3.0 95
7 2.0 97
7 5.0 98
7 4.0 97
7 3.0 95
7 5.0 99
7 3.0 96
7 8.0 96
7 7.0 98
7 7.0 95
7 7.0 95
7 5.0 95
7 9.0 99
7 3.0 99
7 6.0 97
7 5.0 95
7 3.0 99
7 6.0 99
7 3.0 98
7 7.0 98
7 3.0 97
7 5.0 96
7 6.0 99
7 2.0 98
7 5.0 97
7 9.0 96
7 5.0 99
7 8.0 97
7 3.0 96
7 7.0 95
7 5.0 96
7 5.0 97
7 4.0 99
7 7.0 96
7 8.0 97
7 2.0 96
7 5.0 99
7 3.0 95
7 2.0 99
7 4.0 96
7 2.0 99
7 7.0 94
7 5.0 94
7 7.0 95
7 7.0 97
7 7.0 95
7 6.0 95
7 6.0 99
7 7.0 99
7 8.0 99
7 4.0 98
7 5.0 99
7 8.0 99
7 2.0 95
7 4.0 93
7 3.0 99
7 5.0 97
7 3.0 96
7 5.0 99
7 5.0 94
7 3.0 99
7 3.0 93
7 7.0 96
7 3.0 94
7 5.0 99
7 7.0 96
7 5.0 98
7 8.0 97
7 4.0 98
7 2.0 99
7 2.0 99
7 4.0 99
7 4.0 95
7 6.0 99
7 6.0 97
7 4.0 94
7 6.0 94
7 6.0 95
7 8.0 98
7 4.0 99
7 2.0 97
7 2.0 99
7 4.0 99
7 6.0 94
7 6.0 96
7 8.0 99
7 9.0 95
7 5.0 97
7 3.0 94
7 2.0 93
7 6.0 98
7 2.0 96
7 4.0 98
7 3.0 99
7 5.0 95
7 5.0 99
7 2.0 96
6 2.0 96
6 4.0 97
6 3.0 96
6 2.0 96
6 5.0 98
6 3.0 95
6 5.0 96
6 6.0 98
6 6.0 96
6 9.0 98
6 5.0 98
6 7.0 98
6 4.0 94
6 5.0 98
6 5.0 96
6 2.0 99
6 7.0 96
6 2.0 95
6 7.0 93
6 4.0 99
6 4.0 99
6 4.0 99
6 5.0 96
6 3.0 95
6 3.0 96
6 2.0 94
6 8.0 94
6 5.0 99
6 6.0 97
6 4.0 98
6 2.0 94
6 3.0 99
6 4.0 96
6 3.0 98
6 11.0 98
6 7.0 99
6 5.0 98
6 7.0 97
6 5.0 98
6 9.0 93
6 3.0 98
6 2.0 96
6 8.0 97
6 3.0 98
6 2.0 98
6 2.0 98
6 2.0 94
6 3.0 94
6 7.0 93
6 2.0 99
6 3.0 97
6 2.0 98
6 7.0 97
6 3.0 98
6 7.0 96
6 6.0 96
6 8.0 97
6 2.0 97
6 7.0 96
6 5.0 98
6 6.0 99
6 3.0 95
6 3.0 97
6 5.0 99
6 6.0 96
6 3.0 94
6 4.0 95
6 8.0 98
6 5.0 98
6 4.0 95
6 4.0 99
6 4.0 95
6 6.0 93
6 6.0 94
6 5.0 98
6 6.0 98
6 3.0 99
6 2.0 95
6 8.0 97
6 2.0 99
6 3.0 96
6 2.0 97
6 8.0 96
6 2.0 96
6 2.0 96
6 2.0 94
6 6.0 92
6 7.0 99
6 3.0 97
6 4.0 95
6 9.0 99
6 5.0 97
6 4.0 98
6 5.0 95
6 3.0 96
6 9.0 94
6 3.0 99
6 6.0 97
6 2.0 99
6 4.0 97
6 2.0 95
6 4.0 94
6 4.0 97
6 4.0 95
6 2.0 98
6 5.0 97
6 6.0 96
6 10.0 96
6 7.0 97
6 4.0 94
6 7.0 96
6 2.0 97
6 6.0 96
6 5.0 93
6 5.0 97
6 8.0 99
6 3.0 93
6 6.0 99
6 2.0 99
6 7.0 94
6 2.0 96
6 3.0 99
6 4.0 98
6 5.0 99
6 8.0 96
6 5.0 95
6 9.0 98
6 5.0 95
6 7.0 99
6 6.0 99
6 5.0 95
6 3.0 98
6 4.0 95
6 3.0 95
6 6.0 99
6 2.0 97
6 3.0 96
6 4.0 96
6 3.0 97
6 7.0 97
6 7.0 97
6 2.0 96
6 4.0 97
6 5.0 95
6 3.0 97
6 8.0 96
6 3.0 93
6 5.0 97
6 6.0 96
6 7.0 93
6 3.0 99
6 4.0 97
6 6.0 97
6 6.0 98
6 2.0 99
6 7.0 97
5 4.0 95
5 4.0 94
5 5.0 95
5 2.0 98
5 10.0 97
5 5.0 97
5 9.0 96
5 2.0 95
5 4.0 98
5 7.0 93
5 2.0 94
5 5.0 96
5 9.0 96
5 3.0 95
5 2.0 96
5 7.0 94
5 7.0 95
5 5.0 93
5 5.0 96
5 9.0 95
5 2.0 96
5 3.0 95
5 5.0 98
5 6.0 96
5 6.0 92
5 7.0 97
5 5.0 98
5 9.0 96
5 6.0 99
5 6.0 97
5 5.0 96
5 3.0 92
5 7.0 93
5 7.0 97
5 6.0 98
5 2.0 96
5 4.0 93
5 3.0 99
5 6.0 93
5 3.0 93
5 2.0 0
5 5.0 95
5 7.0 99
5 7.0 96
5 7.0 97
5 7.0 95
5 6.0 93
5 11.0 95
5 6.0 97
5 2.0 95
5 5.0 95
5 4.0 97
5 5.0 94
5 2.0 95
5 6.0 95
5 4.0 92
5 4.0 96
5 6.0 94
5 12.0 96
5 7.0 96
5 5.0 99
5 8.0 95
5 4.0 98
5 7.0 99
5 3.0 96
5 6.0 99
5 10.0 96
5 4.0 96
5 8.0 94
5 4.0 99
5 2.0 96
5 2.0 99
5 4.0 98
5 3.0 96
5 2.0 96
5 5.0 95
5 8.0 92
5 9.0 93
5 2.0 93
5 3.0 98
5 6.0 93
5 6.0 98
5 9.0 94
5 8.0 98
5 6.0 95
5 7.0 98
5 9.0 97
5 3.0 94
5 2.0 98
5 4.0 95
5 8.0 94
5 4.0 96
5 6.0 95
5 9.0 95
5 7.0 94
5 3.0 95
5 5.0 97
5 6.0 98
5 7.0 98
5 3.0 97
5 8.0 96
5 4.0 98
5 7.0 96
5 7.0 95
5 4.0 99
5 7.0 97
5 5.0 93
5 4.0 95
5 8.0 92
5 6.0 93
5 8.0 97
5 5.0 94
5 8.0 96
5 4.0 98
5 6.0 98
5 8.0 95
5 6.0 96
5 3.0 95
5 7.0 98
5 5.0 94
5 7.0 94
5 2.0 94
5 2.0 97
5 8.0 95
5 8.0 99
5 5.0 96
5 4.0 97
5 4.0 98
5 6.0 95
5 5.0 97
5 9.0 96
5 9.0 95
5 6.0 96
5 9.0 98
5 3.0 97
5 6.0 95
5 3.0 98
5 9.0 95
5 4.0 98
5 9.0 97
5 4.0 95
5 3.0 95
5 6.0 95
5 10.0 93
5 3.0 97
5 9.0 99
5 7.0 98
5 17.0 100
5 6.0 99
5 4.0 98
5 4.0 95
5 5.0 94
5 9.0 96
5 11.0 92
5 6.0 93
5 3.0 95
5 3.0 94
5 2.0 95
5 8.0 99
5 4.0 94
5 3.0 97
5 4.0 98
5 2.0 94
5 4.0 96
5 2.0 98
5 3.0 93
5 9.0 98
5 2.0 98
5 3.0 95
5 8.0 95
5 3.0 95
5 6.0 95
5 10.0 98
5 4.0 99
5 7.0 99
5 2.0 93
5 2.0 95
5 5.0 95
5 6.0 97
5 8.0 96
5 3.0 96
5 3.0 95
5 4.0 93
5 5.0 97
5 10.0 99
5 4.0 98
5 3.0 95
5 7.0 99
5 4.0 94
5 7.0 95
5 2.0 96
5 9.0 94
5 8.0 94
5 6.0 97
5 6.0 97
5 5.0 96
5 4.0 92
4 5.0 96
4 8.0 91
4 7.0 95
4 7.0 94
4 3.0 95
4 3.0 93
4 5.0 94
4 10.0 97
4 9.0 98
4 2.0 94
4 7.0 97
4 5.0 95
4 7.0 95
4 8.0 99
4 2.0 93
4 7.0 98
4 16.0 90
4 5.0 98
4 4.0 97
4 8.0 95
4 9.0 99
4 4.0 99
4 8.0 97
4 6.0 97
4 2.0 97
4 5.0 99
4 2.0 97
4 9.0 99
4 4.0 94
4 3.0 94
4 3.0 95
4 10.0 96
4 5.0 98
4 8.0 96
4 12.0 95
4 2.0 94
4 4.0 98
4 8.0 93
4 2.0 99
4 10.0 97
4 6.0 92
4 3.0 95
4 9.0 95
4 5.0 93
4 7.0 92
4 2.0 95
4 6.0 91
4 8.0 94
4 4.0 97
4 7.0 97
4 4.0 93
4 8.0 98
4 8.0 98
4 4.0 95
4 5.0 96
4 7.0 95
4 5.0 94
4 10.0 97
4 7.0 95
4 5.0 98
4 7.0 97
4 8.0 94
4 5.0 97
4 10.0 98
4 9.0 94
4 11.0 95
4 3.0 98
4 12.0 96
4 11.0 97
4 4.0 94
4 12.0 97
4 7.0 94
4 2.0 94
4 3.0 94
4 3.0 97
4 8.0 95
4 8.0 93
4 7.0 93
4 9.0 98
4 8.0 99
4 5.0 99
4 2.0 95
4 6.0 93
4 6.0 92
4 9.0 93
4 3.0 98
4 7.0 98
4 9.0 96
4 5.0 96
4 10.0 97
4 8.0 95
4 8.0 95
4 12.0 93
4 4.0 92
4 2.0 94
4 8.0 97
4 5.0 97
4 2.0 93
4 6.0 96
4 7.0 93
4 4.0 92
4 11.0 98
4 4.0 94
4 8.0 98
4 9.0 94
4 7.0 98
4 6.0 93
4 8.0 94
4 9.0 93
4 3.0 98
4 3.0 94
4 10.0 99
4 3.0 99
4 8.0 98
4 8.0 93
4 6.0 95
4 9.0 98
4 2.0 93
4 8.0 98
4 9.0 93
4 4.0 99
4 8.0 99
4 4.0 94
4 4.0 95
4 6.0 96
4 3.0 99
4 7.0 96
4 9.0 97
4 3.0 94
4 12.0 94
4 4.0 96
4 2.0 90
4 8.0 98
4 3.0 96
4 8.0 98
4 10.0 94
4 4.0 94
4 7.0 94
4 6.0 97
4 2.0 94
4 7.0 92
4 8.0 96
4 9.0 99
4 4.0 93
4 3.0 96
4 3.0 94
4 5.0 93
4 8.0 97
4 2.0 99
4 2.0 92
4 10.0 92
4 5.0 92
4 9.0 95
4 5.0 96
4 9.0 92
4 5.0 97
4 9.0 98
4 6.0 98
4 2.0 98
4 8.0 98
4 8.0 92
4 7.0 97
4 2.0 93
4 11.0 97
4 2.0 95
4 7.0 93
4 6.0 98
4 8.0 97
4 6.0 98
4 8.0 98
4 4.0 94
4 6.0 97
4 8.0 99
4 8.0 93
4 10.0 96
4 2.0 95
4 9.0 94
4 6.0 93
4 6.0 97
4 8.0 98
4 6.0 99
4 8.0 97
4 8.0 93
4 6.0 94
4 5.0 97
4 10.0 99
4 7.0 91
4 4.0 97
4 8.0 97
4 8.0 93
4 6.0 99
4 7.0 99
4 6.0 98
4 3.0 92
4 11.0 94
4 9.0 96
4 8.0 92
4 4.0 93
4 6.0 98
4 2.0 95
4 5.0 93
4 7.0 99
4 3.0 92
4 4.0 0
4 4.0 92
4 8.0 97
4 6.0 92
4 6.0 97
4 9.0 98
4 4.0 96
4 6.0 94
4 6.0 91
4 7.0 98
4 9.0 94
4 8.0 95
4 8.0 97
4 4.0 98
4 6.0 98
4 8.0 99
4 11.0 96
4 6.0 94
3 10.0 95
3 8.0 92
3 7.0 93
3 8.0 94
3 7.0 92
3 5.0 93
3 8.0 97
3 6.0 99
3 7.0 99
3 7.0 99
3 10.0 98
3 10.0 98
3 8.0 99
3 10.0 94
3 7.0 99
3 5.0 97
3 6.0 92
3 5.0 96
3 9.0 97
3 5.0 94
3 9.0 97
3 10.0 93
3 9.0 96
3 2.0 93
3 4.0 98
3 8.0 99
3 3.0 93
3 6.0 97
3 5.0 93
3 7.0 94
3 9.0 97
3 5.0 93
3 4.0 95
3 10.0 99
3 8.0 96
3 9.0 96
3 12.0 93
3 9.0 98
3 2.0 91
3 10.0 98
3 4.0 92
3 5.0 92
3 9.0 99
3 6.0 93
3 4.0 93
3 3.0 94
3 3.0 93
3 11.0 95
3 2.0 94
3 9.0 92
3 9.0 97
3 5.0 92
3 6.0 94
3 7.0 93
3 5.0 91
3 9.0 93
3 4.0 96
3 4.0 94
3 10.0 98
3 10.0 93
3 5.0 93
3 6.0 92
3 7.0 99
3 10.0 95
3 9.0 96
3 7.0 98
3 5.0 91
3 4.0 93
3 7.0 95
3 6.0 95
3 9.0 94
3 5.0 93
3 10.0 95
3 11.0 95
3 7.0 94
3 18.0 100
3 8.0 94
3 4.0 96
3 4.0 96
3 10.0 97
3 7.0 95
3 8.0 94
3 9.0 94
3 2.0 94
3 3.0 92
3 6.0 99
3 14.0 96
3 4.0 93
3 10.0 97
3 4.0 92
3 7.0 91
3 13.0 96
3 8.0 95
3 9.0 94
3 9.0 94
3 6.0 91
3 27.0 92
3 6.0 94
3 8.0 96
3 2.0 97
3 5.0 99
3 6.0 96
3 8.0 91
3 10.0 93
3 8.0 98
3 7.0 96
3 9.0 95
3 11.0 98
3 9.0 92
3 7.0 96
3 7.0 91
3 7.0 97
3 9.0 97
3 11.0 92
3 9.0 99
3 3.0 93
3 8.0 99
3 12.0 94
3 8.0 93
3 6.0 91
3 6.0 94
3 4.0 94
3 7.0 95
3 10.0 91
3 5.0 98
3 3.0 96
3 8.0 94
3 8.0 92
3 5.0 91
3 8.0 94
3 2.0 93
3 5.0 92
3 10.0 98
3 11.0 94
3 8.0 95
3 11.0 96
3 8.0 93
3 12.0 95
3 7.0 98
3 12.0 98
3 2.0 95
3 9.0 95
3 8.0 95
3 5.0 91
3 11.0 93
3 9.0 97
3 3.0 93
3 3.0 98
3 13.0 95
3 6.0 96
3 12.0 99
3 6.0 93
3 13.0 96
3 7.0 94
3 9.0 96
3 8.0 98
3 8.0 98
3 9.0 97
3 14.0 98
3 11.0 95
3 10.0 99
3 10.0 92
3 10.0 98
3 9.0 98
3 9.0 95
3 7.0 98
3 7.0 92
3 7.0 99
3 11.0 95
3 8.0 96
3 4.0 94
3 6.0 96
3 6.0 95
3 10.0 91
3 7.0 92
3 2.0 98
3 10.0 94
3 12.0 97
3 2.0 93
3 13.0 94
3 12.0 93
3 11.0 91
3 14.0 96
3 7.0 91
3 6.0 92
3 10.0 95
3 9.0 97
3 2.0 94
3 10.0 97
3 7.0 93
3 7.0 95
3 10.0 96
3 9.0 97
3 8.0 94
3 10.0 97
3 3.0 93
3 10.0 93
3 8.0 92
3 9.0 99
3 10.0 98
3 10.0 97
3 3.0 95
3 7.0 94
3 12.0 99
3 7.0 91
3 5.0 93
3 4.0 98
3 2.0 92
3 12.0 99
3 9.0 93
3 4.0 92
3 9.0 92
3 8.0 96
3 8.0 95
3 4.0 99
3 12.0 93
3 4.0 91
3 10.0 93
3 6.0 93
3 12.0 90
3 2.0 92
3 5.0 94
3 7.0 92
3 7.0 94
3 4.0 90
3 8.0 93
3 11.0 97
3 5.0 91
3 7.0 96
3 10.0 95
3 9.0 97
3 6.0 92
3 10.0 94
3 2.0 94
3 2.0 94
3 13.0 98
3 6.0 91
3 7.0 98
3 5.0 93
3 7.0 94
3 7.0 93
3 5.0 95
3 3.0 91
3 6.0 92
3 10.0 93
3 10.0 98
3 8.0 94
3 2.0 94
3 5.0 97
3 2.0 91
3 7.0 95
3 8.0 97
3 7.0 92
3 8.0 98
3 4.0 92
3 12.0 92
3 4.0 91
3 3.0 93
3 9.0 95
3 9.0 97
3 7.0 95
3 4.0 99
3 5.0 94
3 19.0 100
3 3.0 95
3 8.0 93
3 4.0 95
3 9.0 96
3 10.0 95
3 8.0 95
3 7.0 94
3 3.0 94
3 3.0 94
3 7.0 96
3 6.0 98
3 10.0 95
3 10.0 95
3 8.0 96
3 6.0 99
3 6.0 90
3 7.0 95
3 2.0 93
3 4.0 95
3 9.0 95
3 2.0 95
3 4.0 94
3 22.0 100
3 14.0 91
3 8.0 92
3 6.0 95
3 2.0 97
3 4.0 95
2 8.0 95
2 2.0 92
2 2.0 92
2 8.0 95
2 5.0 94
2 7.0 92
2 11.0 96
2 9.0 95
2 7.0 94
2 13.0 91
2 14.0 94
2 6.0 94
2 11.0 96
2 9.0 92
2 8.0 91
2 10.0 96
2 10.0 95
2 14.0 95
2 9.0 94
2 5.0 94
2 3.0 94
2 8.0 95
2 20.0 100
2 10.0 92
2 3.0 94
2 6.0 91
2 11.0 95
2 8.0 95
2 7.0 90
2 5.0 92
2 8.0 96
2 23.0 100
2 8.0 98
2 6.0 95
2 13.0 94
2 15.0 91
2 4.0 93
2 14.0 91
2 4.0 92
2 7.0 94
2 7.0 92
2 8.0 93
2 10.0 92
2 20.0 97
2 8.0 91
2 15.0 95
2 15.0 96
2 12.0 92
2 9.0 98
2 10.0 96
2 10.0 93
2 2.0 91
2 11.0 93
2 3.0 94
2 9.0 98
2 12.0 93
2 11.0 95
2 12.0 93
2 13.0 97
2 12.0 96
2 2.0 93
2 5.0 92
2 6.0 89
2 15.0 95
2 11.0 96
2 8.0 97
2 2.0 94
2 11.0 92
2 8.0 89
2 2.0 90
2 8.0 91
2 4.0 92
2 11.0 98
2 11.0 95
2 3.0 92
2 8.0 99
2 13.0 97
2 10.0 99
2 12.0 94
2 4.0 96
2 17.0 92
2 10.0 93
2 7.0 90
2 7.0 92
2 5.0 91
2 4.0 92
2 4.0 92
2 13.0 92
2 10.0 99
2 2.0 95
2 9.0 95
2 10.0 94
2 8.0 96
2 10.0 93
2 11.0 91
2 3.0 93
2 11.0 99
2 10.0 90
2 11.0 94
2 6.0 93
2 5.0 91
2 5.0 91
2 5.0 93
2 15.0 93
2 14.0 96
2 5.0 95
2 9.0 99
2 3.0 96
2 9.0 95
2 5.0 93
2 12.0 96
2 11.0 97
2 10.0 95
2 4.0 93
2 6.0 95
2 3.0 93
2 9.0 92
2 12.0 97
2 10.0 93
2 9.0 92
2 9.0 94
2 4.0 92
2 6.0 90
2 6.0 93
2 5.0 91
2 3.0 91
2 6.0 90
2 2.0 97
2 5.0 92
2 12.0 92
2 10.0 97
2 14.0 97
2 2.0 91
2 11.0 90
2 4.0 93
2 3.0 92
2 13.0 97
2 11.0 93
2 8.0 95
2 6.0 94
2 11.0 97
2 14.0 93
2 8.0 93
2 4.0 95
2 8.0 92
2 9.0 93
2 7.0 94
2 8.0 92
2 9.0 99
2 9.0 91
2 15.0 93
2 7.0 97
2 11.0 92
2 10.0 91
2 10.0 99
2 6.0 91
2 10.0 96
2 7.0 98
2 10.0 92
2 9.0 95
2 3.0 92
2 11.0 99
2 9.0 93
2 6.0 95
2 9.0 95
2 7.0 98
2 10.0 94
2 5.0 93
2 9.0 92
2 9.0 99
2 9.0 98
2 7.0 93
2 2.0 94
2 12.0 90
2 12.0 97
2 2.0 94
2 12.0 97
2 11.0 94
2 7.0 93
2 2.0 93
2 5.0 95
2 2.0 94
2 2.0 93
2 11.0 94
2 3.0 93
2 10.0 96
2 8.0 96
2 12.0 92
2 10.0 94
2 9.0 0
2 10.0 97
2 10.0 99
2 11.0 89
2 11.0 98
2 9.0 99
2 9.0 96
2 10.0 95
2 8.0 94
2 11.0 97
2 10.0 93
2 14.0 99
2 9.0 94
2 11.0 92
2 10.0 97
2 16.0 93
2 10.0 94
2 12.0 95
2 15.0 93
2 11.0 98
2 10.0 96
2 11.0 99
2 12.0 92
2 6.0 97
2 8.0 93
2 10.0 96
2 11.0 96
2 7.0 92
2 9.0 93
2 10.0 92
2 4.0 93
2 3.0 91
2 13.0 98
2 3.0 97
2 7.0 96
2 3.0 93
2 7.0 93
2 12.0 94
2 3.0 94
2 3.0 92
2 11.0 98
2 11.0 97
2 8.0 99
2 8.0 98
2 12.0 91
2 12.0 94
2 11.0 96
2 2.0 92
2 7.0 93
2 5.0 93
2 11.0 93
2 2.0 92
2 11.0 92
2 8.0 99
2 9.0 98
2 7.0 95
2 9.0 96
2 9.0 93
2 2.0 92
2 8.0 94
2 11.0 99
2 11.0 98
2 3.0 94
2 3.0 92
2 7.0 96
2 4.0 92
2 10.0 94
2 6.0 91
2 11.0 95
2 11.0 96
2 14.0 98
2 4.0 96
2 12.0 93
2 9.0 99
2 4.0 93
2 7.0 93
2 11.0 97
2 12.0 94
2 12.0 97
2 11.0 98
2 4.0 93
2 2.0 93
2 13.0 95
2 6.0 99
2 2.0 90
2 12.0 96
2 7.0 93
2 10.0 93
2 7.0 99
2 11.0 91
2 8.0 98
2 4.0 90
2 11.0 94
2 5.0 93
2 5.0 94
2 9.0 95
2 13.0 96
2 4.0 94
2 10.0 97
2 14.0 94
2 7.0 91
2 13.0 92
2 7.0 92
2 7.0 91
2 12.0 92
2 7.0 92
2 9.0 91
2 8.0 97
2 4.0 93
2 10.0 91
2 8.0 91
2 6.0 95
2 3.0 92
2 13.0 93
2 5.0 90
2 5.0 92
2 9.0 98
2 10.0 96
2 5.0 92
2 13.0 94
1 16.0 95
1 10.0 96
1 15.0 96
1 11.0 92
1 3.0 92
1 6.0 91
1 13.0 97
1 9.0 96
1 12.0 96
1 5.0 91
1 12.0 99
1 3.0 90
1 12.0 90
1 9.0 91
1 14.0 93
1 7.0 91
1 12.0 92
1 11.0 94
1 4.0 92
1 8.0 92
1 7.0 93
1 6.0 92
1 11.0 92
1 11.0 99
1 12.0 92
1 8.0 90
1 10.0 92
1 9.0 95
1 11.0 89
1 15.0 93
1 13.0 92
1 3.0 91
1 13.0 94
1 4.0 91
1 10.0 91
1 9.0 92
1 12.0 97
1 11.0 94
1 10.0 96
1 2.0 90
1 10.0 91
1 3.0 93
1 9.0 94
1 15.0 92
1 10.0 89
1 16.0 95
1 6.0 91
1 7.0 98
1 5.0 93
1 15.0 94
1 9.0 93
1 10.0 98
1 5.0 90
1 9.0 99
1 15.0 93
1 14.0 92
1 8.0 99
1 14.0 98
1 10.0 97
1 10.0 96
1 8.0 96
1 12.0 96
1 8.0 91
1 12.0 92
1 11.0 92
1 10.0 93
1 4.0 91
1 8.0 91
1 7.0 94
1 11.0 98
1 8.0 92
1 13.0 99
1 13.0 92
1 11.0 94
1 4.0 91
1 14.0 96
1 6.0 96
1 9.0 90
1 12.0 94
1 10.0 95
1 12.0 95
1 5.0 92
1 4.0 93
1 22.0 92
1 11.0 94
1 16.0 99
1 11.0 99
1 8.0 90
1 4.0 92
1 16.0 91
1 10.0 95
1 10.0 90
1 7.0 88
1 15.0 94
1 9.0 90
1 2.0 90
1 12.0 98
1 13.0 93
1 10.0 89
1 7.0 96
1 3.0 90
1 15.0 92
1 3.0 91
1 18.0 96
1 4.0 90
1 12.0 91
1 13.0 99
1 16.0 95
1 14.0 93
1 13.0 95
1 11.0 91
1 4.0 87
1 2.0 91
1 3.0 90
1 18.0 97
1 22.0 99
1 12.0 98
1 14.0 99
1 7.0 89
1 5.0 90
1 16.0 97
1 17.0 91
1 5.0 93
1 29.0 90
1 14.0 90
1 13.0 99
1 10.0 99
1 9.0 90
1 12.0 92
1 6.0 92
1 15.0 91
1 14.0 99
1 13.0 96
1 15.0 94
1 14.0 97
1 19.0 97
1 18.0 93
1 13.0 91
1 9.0 92
1 11.0 95
1 12.0 92
1 15.0 97
1 14.0 91
1 14.0 97
1 13.0 91
1 6.0 91
1 13.0 98
1 18.0 93
1 14.0 90
1 14.0 93
1 2.0 88
1 10.0 94
1 2.0 91
1 10.0 91
1 9.0 91
1 14.0 96
1 14.0 93
1 6.0 89
1 4.0 91
1 14.0 96
1 10.0 92
1 5.0 91
1 16.0 95
1 13.0 94
1 14.0 92
1 14.0 98
1 12.0 96
1 16.0 98
1 13.0 98
1 3.0 88
1 14.0 89
1 29.0 90
1 12.0 96
1 11.0 92
1 14.0 99
1 13.0 91
1 19.0 96
1 15.0 99
1 4.0 91
1 12.0 91
1 19.0 90
1 5.0 0
1 12.0 98
1 13.0 93
1 20.0 90
1 4.0 89
1 8.0 96
1 18.0 96
1 3.0 89
1 22.0 90
1 16.0 99
1 12.0 93
1 16.0 98
1 13.0 89
1 19.0 95
1 10.0 89
1 16.0 96
1 18.0 92
1 10.0 88
1 20.0 95
1 5.0 87
1 17.0 96
1 22.0 96
1 3.0 0
1 18.0 98
1 19.0 83
1 7.0 87
1 18.0 91
1 12.0 90
1 7.0 91
1 17.0 91
1 14.0 93
1 6.0 93
1 16.0 94
1 13.0 96
1 16.0 88
1 9.0 90
1 12.0 95
1 15.0 86
1 7.0 89
1 9.0 93
1 4.0 90
1 15.0 97
1 15.0 94
1 15.0 90
1 15.0 92
1 21.0 93
1 17.0 98
1 13.0 94
1 18.0 99
1 20.0 94
1 20.0 88
1 18.0 94
1 20.0 92
1 11.0 89
1 9.0 92
1 6.0 92
1 3.0 92
1 13.0 92
1 8.0 90
1 11.0 99
1 18.0 90
1 10.0 87
1 2.0 89
1 11.0 90
1 3.0 89
1 11.0 93
1 15.0 96
1 2.0 87
1 15.0 95
1 4.0 88
1 9.0 89
1 14.0 92
1 20.0 85
1 8.0 90
1 9.0 98
1 4.0 91
1 13.0 96
1 17.0 94
1 9.0 91
1 12.0 89
1 13.0 90
1 16.0 93
1 4.0 90
1 8.0 82
1 3.0 90
1 10.0 93
1 5.0 88
1 5.0 89
1 13.0 93
1 16.0 93
1 9.0 97
1 3.0 90
1 12.0 96
1 11.0 99
1 6.0 91
1 14.0 92
1 2.0 91
1 8.0 91
1 12.0 91
1 36.0 90
1 9.0 92
1 7.0 94
1 13.0 94
1 9.0 91
1 6.0 92
1 5.0 92
1 13.0 98
1 11.0 93
1 11.0 97
1 3.0 91
1 2.0 90
1 13.0 92
1 9.0 93
1 5.0 91
1 13.0 95
1 11.0 94
1 18.0 93
1 5.0 92
1 15.0 93
1 13.0 94
1 7.0 95
1 13.0 94
1 10.0 95
1 11.0 91
1 12.0 90
1 14.0 94
1 13.0 93
1 5.0 94
1 17.0 91
1 12.0 91
1 13.0 93
1 8.0 91
1 6.0 95
1 17.0 91
1 2.0 92
1 7.0 91
1 11.0 95
1 3.0 91
1 8.0 91
1 15.0 95
1 10.0 92
1 11.0 93
1 9.0 94
1 12.0 97
1 10.0 91
1 3.0 93
1 10.0 99
1 11.0 93
1 5.0 92
1 14.0 99
1 14.0 91
1 9.0 90
1 11.0 96
1 8.0 93
1 6.0 91
1 11.0 96
1 10.0 98
1 3.0 93
1 11.0 95
1 4.0 91
1 13.0 92
1 11.0 91
1 11.0 93
1 8.0 93
1 15.0 91
1 2.0 92
1 11.0 92
1 10.0 99
1 9.0 96
1 11.0 93
1 5.0 94
1 9.0 91
1 3.0 91
1 14.0 95
1 2.0 93
1 7.0 89
1 9.0 91
1 11.0 92
1 5.0 90
1 11.0 91
1 17.0 93
1 11.0 91
1 14.0 95
1 9.0 86
1 19.0 97
1 12.0 90
1 20.0 87
1 12.0 98
1 3.0 91
1 10.0 91
1 7.0 90
1 10.0 92
1 12.0 97
1 14.0 94
1 8.0 90
1 10.0 89
1 9.0 90
1 16.0 91
1 13.0 95
1 7.0 89
1 9.0 99
1 6.0 92
1 12.0 98
1 13.0 97
1 13.0 97
1 11.0 91
1 13.0 92
1 13.0 93
1 10.0 98
1 12.0 95
1 15.0 93
1 2.0 91
1 9.0 92
1 10.0 94
1 12.0 94
1 5.0 90
1 7.0 91
1 9.0 89
1 6.0 97
1 12.0 95
1 12.0 95
1 9.0 91
1 6.0 90
1 7.0 91
1 17.0 91
1 16.0 91
1 15.0 94
1 9.0 91
1 14.0 93
1 7.0 90
1 10.0 95
1 11.0 94
1 2.0 87
1 11.0 93
1 5.0 90
1 2.0 92
1 13.0 92
1 12.0 90
1 8.0 91
1 11.0 90
1 17.0 91
1 10.0 90
1 16.0 96
1 6.0 96
1 8.0 90
1 14.0 98
1 17.0 99
1 13.0 95
1 3.0 91
1 4.0 92
1 9.0 97
1 4.0 91
1 9.0 91
1 17.0 92
1 12.0 96
1 15.0 91
1 2.0 91
1 13.0 96
1 3.0 90
1 20.0 93
1 12.0 99
1 16.0 95
1 8.0 96
1 5.0 89
1 9.0 90
1 16.0 94
1 9.0 86
1 14.0 99
1 11.0 93
1 7.0 91
1 14.0 97
1 4.0 91
1 12.0 94
1 15.0 93
1 10.0 93
