count nobl loc
322643 0.0 1
42407 0.0 2
24190 0.0 3
19439 0.0 5
19102 0.0 4
14835 0.0 6
11169 0.0 0
9949 0.0 7
8248 0.0 8
6847 0.0 9
5253 0.0 10
4143 0.0 11
3651 0.0 12
2881 0.0 13
2734 1.0 5
2716 1.0 4
2688 1.0 6
2491 0.0 14
2102 1.0 8
2035 1.0 7
1996 0.0 15
1867 1.0 10
1765 0.0 16
1739 1.0 9
1651 2.0 7
1614 1.0 2
1591 1.0 11
1571 1.0 3
1548 2.0 5
1536 2.0 6
1475 1.0 0
1458 0.0 17
1414 2.0 8
1322 2.0 9
1260 0.0 18
1249 1.0 1
1223 1.0 12
1211 2.0 10
1198 2.0 11
1079 2.0 13
1049 0.0 19
1031 2.0 12
1004 1.0 13
989 1.0 14
942 0.0 20
909 2.0 14
891 2.0 15
873 2.0 4
834 0.0 21
780 1.0 15
763 3.0 10
735 0.0 22
691 3.0 8
689 1.0 16
625 3.0 9
614 3.0 11
600 2.0 16
575 0.0 23
573 3.0 12
571 3.0 13
552 1.0 18
549 3.0 14
548 2.0 17
544 1.0 17
517 0.0 24
517 2.0 3
493 3.0 15
465 2.0 18
464 1.0 19
462 3.0 7
454 0.0 25
437 3.0 16
427 2.0 19
414 3.0 17
403 1.0 20
399 4.0 16
397 3.0 18
387 0.0 26
385 3.0 6
377 0.0 28
377 3.0 21
371 2.0 20
367 1.0 21
365 4.0 11
353 4.0 17
348 0.0 27
346 3.0 19
319 2.0 21
312 4.0 13
304 3.0 20
299 4.0 12
293 0.0 29
291 4.0 18
289 1.0 22
284 4.0 15
278 0.0 30
270 2.0 25
269 4.0 14
265 0.0 31
264 4.0 19
259 3.0 24
257 4.0 21
248 2.0 23
246 2.0 22
244 4.0 9
236 0.0 32
233 3.0 23
231 3.0 22
230 0.0 33
230 4.0 20
228 4.0 10
222 1.0 23
219 3.0 5
211 5.0 14
210 0.0 34
207 1.0 24
207 4.0 22
191 3.0 4
188 1.0 26
188 1.0 27
187 3.0 26
186 0.0 37
184 1.0 25
183 4.0 24
182 5.0 20
181 0.0 36
180 2.0 24
180 5.0 18
179 5.0 15
179 5.0 21
176 5.0 16
176 3.0 25
175 0.0 35
174 4.0 8
174 5.0 13
172 2.0 26
171 4.0 23
169 5.0 17
166 1.0 28
165 4.0 27
164 2.0 2
161 5.0 19
160 6.0 19
160 5.0 12
159 4.0 7
159 4.0 29
157 5.0 22
154 2.0 31
154 5.0 23
152 3.0 27
148 4.0 25
148 0.0 39
143 0.0 38
142 5.0 25
139 2.0 0
137 0.0 40
137 2.0 28
135 2.0 35
134 2.0 30
134 5.0 24
134 2.0 27
132 1.0 30
130 2.0 1
128 2.0 29
128 3.0 31
126 6.0 20
123 4.0 26
120 6.0 16
120 6.0 15
119 5.0 26
119 4.0 30
117 6.0 22
117 1.0 29
116 3.0 28
115 1.0 33
114 0.0 41
114 0.0 42
109 5.0 31
108 1.0 32
108 5.0 11
107 4.0 28
106 2.0 32
105 3.0 29
104 6.0 23
104 6.0 28
103 0.0 47
102 5.0 29
102 5.0 10
102 1.0 34
101 6.0 17
101 6.0 18
101 7.0 19
100 1.0 31
100 4.0 31
98 5.0 28
98 3.0 32
98 4.0 32
96 6.0 14
96 5.0 37
95 2.0 33
95 5.0 27
94 0.0 43
94 3.0 30
92 6.0 24
89 4.0 6
88 6.0 21
86 6.0 25
84 5.0 30
84 7.0 20
83 7.0 23
83 6.0 29
82 1.0 35
81 0.0 44
81 4.0 34
81 0.0 48
81 3.0 34
80 2.0 45
78 8.0 29
78 6.0 31
78 0.0 46
77 4.0 5
77 3.0 33
76 2.0 34
75 5.0 32
73 8.0 21
73 2.0 36
73 0.0 45
73 6.0 27
72 6.0 26
71 7.0 21
70 6.0 13
69 5.0 9
68 4.0 37
66 6.0 30
66 7.0 27
65 5.0 33
65 8.0 17
65 8.0 27
64 3.0 37
64 7.0 22
64 7.0 28
63 7.0 25
63 1.0 36
63 4.0 33
62 7.0 18
62 1.0 39
62 1.0 43
62 4.0 38
62 3.0 35
60 1.0 40
60 7.0 24
60 4.0 36
60 7.0 31
59 4.0 35
59 7.0 29
59 6.0 37
59 6.0 45
59 7.0 30
58 5.0 35
58 7.0 17
58 5.0 34
58 5.0 36
57 1.0 37
57 5.0 38
57 0.0 50
57 2.0 37
57 6.0 39
56 0.0 49
56 6.0 11
56 8.0 45
56 5.0 39
56 6.0 34
55 5.0 8
54 3.0 36
54 7.0 16
53 7.0 53
53 8.0 23
52 6.0 41
52 2.0 65
52 6.0 32
51 7.0 37
51 2.0 38
51 0.0 51
51 0.0 66
51 0.0 52
50 9.0 25
50 6.0 42
50 6.0 36
50 6.0 33
50 7.0 39
49 0.0 60
49 7.0 38
49 2.0 40
48 7.0 26
48 5.0 7
48 1.0 47
48 7.0 34
48 2.0 39
48 2.0 54
47 3.0 38
47 0.0 53
47 0.0 55
47 8.0 35
47 2.0 41
46 7.0 14
46 6.0 35
46 8.0 24
45 4.0 39
45 8.0 30
45 6.0 38
45 3.0 39
45 1.0 41
44 4.0 41
44 0.0 58
44 6.0 44
44 6.0 12
43 3.0 45
43 1.0 42
43 3.0 3
43 8.0 26
43 9.0 30
43 7.0 35
43 3.0 40
43 1.0 38
42 5.0 4
42 5.0 43
41 0.0 54
40 5.0 40
40 7.0 33
39 12.0 31
39 8.0 33
39 0.0 59
39 9.0 26
39 4.0 42
38 2.0 43
38 8.0 31
37 11.0 29
37 7.0 6
37 8.0 37
37 3.0 43
37 8.0 61
37 8.0 20
36 4.0 40
36 9.0 35
36 13.0 52
36 8.0 19
36 3.0 1
36 7.0 36
36 10.0 13
36 8.0 16
36 0.0 57
36 7.0 32
35 8.0 22
35 8.0 28
35 8.0 34
34 7.0 40
34 9.0 27
34 0.0 64
34 9.0 21
34 6.0 40
34 11.0 27
34 3.0 47
34 9.0 38
34 4.0 51
34 7.0 15
33 1.0 45
33 11.0 31
33 8.0 36
33 4.0 44
33 3.0 42
33 0.0 56
32 8.0 32
32 9.0 49
32 0.0 65
32 9.0 31
32 2.0 49
32 6.0 10
32 5.0 45
31 7.0 45
31 2.0 47
31 2.0 42
31 7.0 46
31 9.0 36
31 3.0 41
31 5.0 41
31 7.0 55
31 7.0 42
31 1.0 166
31 5.0 44
31 10.0 41
31 8.0 39
30 5.0 48
30 5.0 46
30 4.0 3
30 12.0 13
30 1.0 49
30 10.0 23
30 10.0 32
30 6.0 6
30 7.0 44
30 0.0 68
30 9.0 29
30 0.0 67
30 4.0 45
29 5.0 42
29 8.0 40
29 4.0 46
29 7.0 41
29 8.0 38
29 2.0 46
29 9.0 17
29 11.0 37
29 8.0 25
28 1.0 62
28 9.0 33
28 4.0 43
28 6.0 53
28 6.0 55
28 0.0 62
28 8.0 18
27 9.0 32
27 2.0 74
27 9.0 37
27 6.0 60
27 0.0 165
27 6.0 43
27 11.0 46
27 10.0 77
27 6.0 48
26 9.0 23
26 0.0 63
26 0.0 61
26 9.0 41
26 1.0 51
26 10.0 49
26 1.0 46
25 8.0 48
25 8.0 42
25 7.0 47
25 2.0 44
25 8.0 54
25 9.0 46
25 9.0 40
25 5.0 6
24 6.0 47
24 3.0 48
24 3.0 44
24 9.0 43
24 2.0 67
24 11.0 40
24 1.0 53
24 9.0 28
24 11.0 52
24 8.0 15
24 10.0 47
24 4.0 54
24 10.0 39
23 11.0 49
23 4.0 48
23 5.0 49
23 6.0 9
23 9.0 68
23 5.0 51
23 4.0 47
22 5.0 57
22 1.0 61
22 0.0 69
22 0.0 87
22 1.0 44
22 8.0 49
22 12.0 37
22 1.0 55
22 8.0 51
22 6.0 46
22 7.0 43
22 7.0 64
21 4.0 58
21 8.0 43
21 0.0 89
21 6.0 50
21 4.0 56
21 9.0 34
21 6.0 77
21 2.0 50
21 10.0 43
21 7.0 49
21 11.0 35
21 12.0 43
21 1.0 56
21 9.0 45
21 9.0 12
21 8.0 41
21 10.0 31
21 10.0 40
21 10.0 18
20 8.0 44
20 3.0 61
20 10.0 51
20 4.0 49
20 5.0 63
20 7.0 13
20 13.0 67
20 9.0 19
20 3.0 46
20 8.0 58
20 10.0 55
20 7.0 52
20 4.0 50
20 6.0 8
20 10.0 64
20 10.0 38
20 13.0 40
20 2.0 48
19 1.0 68
19 0.0 80
19 10.0 67
19 9.0 22
19 5.0 71
19 9.0 42
19 10.0 44
19 10.0 62
19 13.0 55
19 1.0 54
19 12.0 67
19 4.0 61
19 10.0 25
19 9.0 39
19 11.0 33
19 9.0 48
19 10.0 29
19 8.0 64
18 2.0 70
18 2.0 53
18 7.0 10
18 3.0 52
18 9.0 58
18 1.0 52
18 0.0 72
18 10.0 45
18 14.0 27
18 6.0 74
18 2.0 51
18 3.0 49
18 12.0 27
18 4.0 53
17 9.0 70
17 3.0 53
17 7.0 50
17 0.0 70
17 1.0 50
17 0.0 77
17 17.0 42
17 8.0 11
17 13.0 72
17 3.0 64
17 8.0 47
17 7.0 12
17 0.0 78
17 2.0 57
17 0.0 96
16 6.0 58
16 2.0 52
16 4.0 76
16 5.0 55
16 2.0 62
16 13.0 36
16 11.0 64
16 15.0 33
16 0.0 84
16 2.0 95
16 0.0 99
16 12.0 92
16 6.0 49
16 15.0 62
16 5.0 50
16 5.0 67
16 3.0 68
16 8.0 56
16 14.0 55
16 9.0 56
16 7.0 69
16 10.0 34
16 5.0 47
16 10.0 30
16 13.0 45
16 5.0 54
16 9.0 64
16 8.0 50
16 8.0 62
16 10.0 27
16 14.0 46
16 5.0 61
16 10.0 33
16 8.0 53
16 11.0 23
16 6.0 52
16 11.0 25
16 13.0 60
16 5.0 59
16 12.0 39
16 11.0 81
16 14.0 41
16 2.0 60
16 7.0 54
15 12.0 58
15 12.0 35
15 9.0 44
15 10.0 26
15 1.0 59
15 9.0 47
15 12.0 54
15 9.0 14
15 3.0 50
15 4.0 69
15 6.0 71
15 5.0 75
15 7.0 57
15 2.0 56
15 3.0 76
15 1.0 48
15 0.0 73
15 14.0 62
15 10.0 54
15 12.0 52
15 10.0 35
15 10.0 28
15 8.0 52
15 7.0 51
15 12.0 41
15 13.0 63
15 8.0 13
15 9.0 54
15 0.0 103
15 12.0 47
15 10.0 36
15 10.0 53
14 0.0 76
14 6.0 63
14 14.0 73
14 7.0 48
14 10.0 22
14 0.0 119
14 12.0 45
14 11.0 45
14 5.0 56
14 9.0 51
14 14.0 20
14 5.0 52
14 10.0 87
14 9.0 16
14 6.0 51
14 13.0 70
14 12.0 76
14 7.0 11
14 11.0 62
14 6.0 65
14 15.0 67
14 3.0 56
14 12.0 42
14 8.0 67
14 16.0 62
14 14.0 75
13 0.0 93
13 12.0 50
13 5.0 62
13 15.0 53
13 9.0 87
13 4.0 55
13 13.0 65
13 8.0 77
13 12.0 78
13 11.0 42
13 12.0 65
13 10.0 60
13 10.0 24
13 8.0 84
13 8.0 60
13 10.0 37
13 5.0 53
13 8.0 57
13 6.0 66
13 2.0 85
13 1.0 71
13 2.0 78
13 0.0 79
13 3.0 54
13 7.0 61
13 4.0 73
13 11.0 51
13 10.0 20
13 6.0 57
13 14.0 52
13 2.0 59
13 11.0 28
13 7.0 60
13 13.0 33
12 4.0 63
12 3.0 59
12 3.0 78
12 11.0 44
12 13.0 29
12 11.0 18
12 7.0 73
12 4.0 57
12 18.0 31
12 9.0 52
12 14.0 38
12 5.0 58
12 11.0 85
12 9.0 20
12 15.0 40
12 7.0 78
12 14.0 81
12 10.0 21
12 0.0 86
12 11.0 60
12 8.0 9
12 15.0 37
12 10.0 58
12 14.0 65
12 12.0 46
12 1.0 60
12 6.0 69
12 5.0 69
11 1.0 80
11 3.0 55
11 4.0 66
11 16.0 35
11 9.0 82
11 13.0 57
11 20.0 64
11 11.0 71
11 11.0 78
11 16.0 70
11 12.0 56
11 11.0 55
11 5.0 60
11 14.0 70
11 0.0 83
11 14.0 108
11 0.0 81
11 4.0 65
11 6.0 93
11 2.0 68
11 13.0 22
11 10.0 72
11 9.0 66
11 13.0 47
11 6.0 62
11 14.0 44
11 11.0 58
11 11.0 66
11 8.0 14
11 11.0 65
11 12.0 29
11 12.0 20
11 13.0 50
11 11.0 20
11 16.0 72
11 4.0 52
11 9.0 78
11 12.0 33
11 13.0 38
11 11.0 30
11 10.0 11
10 7.0 66
10 11.0 16
10 11.0 74
10 8.0 72
10 11.0 73
10 8.0 74
10 0.0 155
10 2.0 104
10 15.0 43
10 6.0 79
10 5.0 2
10 18.0 70
10 11.0 26
10 0.0 141
10 1.0 67
10 15.0 51
10 11.0 43
10 13.0 74
10 3.0 57
10 15.0 57
10 11.0 15
10 10.0 57
10 21.0 62
10 13.0 49
10 12.0 60
10 5.0 84
10 13.0 43
10 14.0 36
10 9.0 75
10 11.0 68
10 17.0 57
10 14.0 99
10 0.0 135
10 0.0 199
10 11.0 70
10 3.0 63
10 7.0 82
9 9.0 53
9 15.0 73
9 2.0 72
9 10.0 74
9 13.0 18
9 11.0 89
9 16.0 56
9 1.0 65
9 13.0 31
9 0.0 75
9 3.0 51
9 1.0 90
9 3.0 66
9 9.0 7
9 12.0 23
9 17.0 73
9 6.0 84
9 9.0 55
9 8.0 93
9 9.0 63
9 15.0 45
9 8.0 80
9 11.0 48
9 18.0 68
9 0.0 82
9 19.0 67
9 8.0 70
9 12.0 70
9 2.0 91
9 4.0 67
9 0.0 108
9 8.0 82
9 11.0 34
9 10.0 91
8 4.0 90
8 20.0 54
8 2.0 82
8 1.0 122
8 18.0 54
8 2.0 80
8 9.0 61
8 14.0 83
8 9.0 73
8 2.0 115
8 11.0 92
8 10.0 80
8 17.0 51
8 7.0 8
8 1.0 73
8 3.0 58
8 6.0 89
8 15.0 82
8 12.0 88
8 9.0 24
8 11.0 56
8 15.0 65
8 19.0 112
8 10.0 70
8 0.0 74
8 0.0 197
8 0.0 137
8 14.0 90
8 12.0 34
8 17.0 95
8 12.0 82
8 17.0 64
8 16.0 74
8 15.0 55
8 12.0 72
7 8.0 88
7 16.0 65
7 18.0 74
7 21.0 104
7 18.0 91
7 19.0 77
7 1.0 58
7 17.0 48
7 3.0 126
7 14.0 50
7 14.0 59
7 7.0 59
7 12.0 104
7 5.0 105
7 0.0 125
7 5.0 94
7 9.0 96
7 16.0 43
7 1.0 94
7 15.0 77
7 16.0 52
7 6.0 107
7 4.0 93
7 19.0 48
7 21.0 68
7 5.0 65
7 9.0 92
7 3.0 83
7 16.0 59
7 14.0 29
7 5.0 78
7 14.0 23
7 17.0 37
7 11.0 54
7 12.0 49
7 13.0 78
7 14.0 33
7 0.0 116
7 21.0 97
7 7.0 62
7 0.0 121
7 5.0 87
7 12.0 94
7 19.0 43
7 13.0 86
7 15.0 30
7 13.0 84
6 12.0 116
6 22.0 73
6 0.0 228
6 10.0 133
6 19.0 93
6 11.0 39
6 23.0 124
6 14.0 25
6 11.0 104
6 11.0 113
6 11.0 77
6 4.0 0
6 17.0 76
6 18.0 88
6 13.0 96
6 8.0 90
6 17.0 89
6 3.0 71
6 12.0 86
6 4.0 88
6 5.0 91
6 10.0 98
6 4.0 83
6 0.0 146
6 0.0 132
6 18.0 50
6 22.0 144
6 18.0 78
6 8.0 115
6 16.0 96
6 6.0 114
6 7.0 71
6 1.0 84
6 18.0 59
6 3.0 81
6 15.0 59
6 9.0 106
6 15.0 48
6 9.0 57
6 10.0 115
6 4.0 116
6 1.0 110
6 0.0 218
6 8.0 96
6 30.0 49
6 23.0 107
6 13.0 106
6 6.0 97
6 13.0 92
6 10.0 93
6 15.0 72
6 3.0 85
6 8.0 104
6 7.0 107
6 3.0 95
6 19.0 60
6 20.0 48
6 10.0 82
6 12.0 113
6 20.0 43
6 11.0 95
5 22.0 117
5 14.0 92
5 4.0 78
5 10.0 107
5 11.0 99
5 15.0 112
5 21.0 54
5 3.0 0
5 16.0 39
5 16.0 102
5 1.0 75
5 2.0 125
5 4.0 97
5 3.0 91
5 1.0 77
5 0.0 175
5 15.0 96
5 13.0 101
5 6.0 4
5 0.0 172
5 22.0 100
5 21.0 101
5 4.0 105
5 15.0 90
5 14.0 87
5 19.0 34
5 0.0 110
5 3.0 102
5 1.0 113
5 10.0 85
5 0.0 129
5 18.0 111
5 13.0 132
5 16.0 93
5 12.0 17
5 17.0 44
5 4.0 101
5 11.0 13
5 0.0 151
5 11.0 110
5 9.0 100
5 19.0 65
5 18.0 66
5 2.0 135
5 22.0 122
5 10.0 102
5 18.0 39
5 16.0 82
5 23.0 112
5 16.0 41
5 7.0 110
5 14.0 67
5 0.0 202
5 2.0 88
5 19.0 120
5 13.0 123
5 17.0 61
5 24.0 58
5 7.0 99
5 16.0 67
5 0.0 112
5 20.0 77
5 2.0 76
4 1.0 138
4 14.0 112
4 15.0 106
4 20.0 50
4 1.0 97
4 12.0 25
4 2.0 204
4 17.0 69
4 17.0 118
4 19.0 116
4 19.0 55
4 21.0 79
4 1.0 118
4 19.0 97
4 16.0 26
4 13.0 20
4 8.0 130
4 18.0 47
4 16.0 21
4 19.0 80
4 5.0 80
4 9.0 118
4 18.0 94
4 17.0 108
4 16.0 54
4 8.0 124
4 18.0 34
4 15.0 108
4 5.0 0
4 0.0 224
4 6.0 102
4 10.0 95
4 3.0 121
4 21.0 144
4 21.0 83
4 22.0 94
4 19.0 100
4 20.0 90
4 19.0 75
4 17.0 39
4 16.0 47
4 12.0 98
4 14.0 94
4 23.0 57
4 1.0 101
4 9.0 130
4 12.0 63
4 21.0 57
4 11.0 118
4 9.0 143
4 9.0 114
4 21.0 137
4 15.0 93
4 16.0 138
4 17.0 67
4 19.0 89
4 8.0 7
4 7.0 146
4 13.0 15
4 23.0 49
4 22.0 126
4 10.0 121
4 9.0 85
4 3.0 105
4 5.0 97
4 17.0 81
4 7.0 123
4 13.0 90
4 4.0 85
4 16.0 129
4 9.0 110
4 2.0 98
4 18.0 84
4 8.0 140
4 20.0 142
4 15.0 125
4 21.0 93
4 6.0 117
4 23.0 120
4 17.0 113
4 18.0 63
4 20.0 114
4 1.0 87
4 2.0 122
4 0.0 178
4 22.0 50
4 6.0 139
4 15.0 80
4 14.0 125
4 21.0 123
4 0.0 209
4 2.0 130
4 14.0 78
4 16.0 133
4 15.0 147
4 22.0 24
4 16.0 89
4 3.0 89
4 16.0 85
4 23.0 80
3 7.0 89
3 9.0 125
3 21.0 167
3 16.0 144
3 27.0 31
3 25.0 58
3 42.0 313
3 5.0 119
3 21.0 86
3 20.0 71
3 21.0 89
3 25.0 209
3 23.0 129
3 20.0 87
3 13.0 186
3 12.0 121
3 7.0 159
3 12.0 127
3 12.0 107
3 22.0 60
3 2.0 102
3 21.0 165
3 8.0 143
3 0.0 189
3 7.0 128
3 1.0 188
3 6.0 87
3 14.0 17
3 5.0 111
3 7.0 4
3 13.0 80
3 16.0 125
3 22.0 35
3 20.0 140
3 23.0 134
3 22.0 69
3 1.0 105
3 9.0 158
3 22.0 135
3 0.0 230
3 29.0 79
3 7.0 87
3 6.0 0
3 14.0 57
3 7.0 103
3 10.0 126
3 1.0 133
3 25.0 130
3 14.0 172
3 17.0 79
3 18.0 106
3 18.0 121
3 15.0 138
3 2.0 159
3 15.0 25
3 28.0 81
3 2.0 154
3 14.0 137
3 27.0 186
3 20.0 69
3 15.0 99
3 16.0 108
3 25.0 83
3 13.0 182
3 20.0 123
3 17.0 75
3 0.0 207
3 7.0 119
3 24.0 73
3 22.0 89
3 23.0 65
3 0.0 329
3 21.0 114
3 13.0 98
3 11.0 101
3 0.0 259
3 16.0 113
3 25.0 142
3 5.0 143
3 35.0 211
3 5.0 102
3 27.0 137
3 20.0 33
3 15.0 69
3 11.0 140
3 20.0 101
3 15.0 19
3 0.0 193
3 21.0 110
3 36.0 235
3 25.0 152
3 26.0 137
3 26.0 98
3 31.0 92
3 25.0 72
3 24.0 96
3 22.0 79
3 0.0 159
3 23.0 153
3 20.0 40
3 20.0 60
3 18.0 81
3 16.0 197
3 14.0 101
3 1.0 145
3 24.0 132
3 1.0 103
3 0.0 237
3 19.0 103
3 17.0 131
3 22.0 87
3 24.0 136
3 19.0 83
3 18.0 152
3 19.0 51
3 18.0 100
3 4.0 131
3 26.0 61
3 9.0 122
3 15.0 103
3 26.0 83
3 13.0 128
3 4.0 81
2 32.0 98
2 12.0 141
2 12.0 109
2 23.0 84
2 24.0 125
2 34.0 179
2 24.0 151
2 20.0 98
2 2.0 143
2 23.0 95
2 29.0 115
2 17.0 106
2 42.0 302
2 13.0 164
2 26.0 177
2 23.0 141
2 17.0 84
2 22.0 184
2 20.0 146
2 6.0 149
2 19.0 143
2 7.0 1
2 14.0 131
2 29.0 228
2 20.0 27
2 26.0 150
2 17.0 34
2 40.0 90
2 16.0 32
2 19.0 107
2 20.0 105
2 9.0 163
2 19.0 149
2 16.0 12
2 67.0 428
2 34.0 191
2 27.0 168
2 28.0 100
2 19.0 73
2 13.0 26
2 19.0 126
2 32.0 203
2 21.0 118
2 3.0 200
2 22.0 66
2 20.0 37
2 7.0 133
2 5.0 167
2 26.0 67
2 19.0 137
2 7.0 93
2 24.0 102
2 26.0 197
2 27.0 95
2 8.0 100
2 3.0 136
2 35.0 290
2 9.0 154
2 16.0 78
2 4.0 135
2 49.0 139
2 18.0 161
2 4.0 120
2 44.0 278
2 21.0 46
2 1.0 154
2 21.0 77
2 7.0 211
2 2.0 138
2 33.0 130
2 21.0 131
2 19.0 203
2 19.0 129
2 23.0 68
2 14.0 128
2 41.0 278
2 31.0 173
2 24.0 52
2 10.0 148
2 24.0 130
2 20.0 117
2 33.0 89
2 32.0 210
2 16.0 140
2 30.0 185
2 41.0 199
2 8.0 110
2 17.0 121
2 18.0 127
2 20.0 84
2 38.0 144
2 18.0 182
2 32.0 176
2 2.0 185
2 11.0 155
2 49.0 270
2 17.0 137
2 7.0 154
2 21.0 71
2 0.0 245
2 23.0 43
2 25.0 53
2 31.0 80
2 12.0 101
2 11.0 11
2 15.0 134
2 12.0 159
2 7.0 150
2 48.0 151
2 22.0 56
2 19.0 152
2 18.0 43
2 2.0 108
2 11.0 122
2 49.0 276
2 25.0 98
2 8.0 108
2 30.0 199
2 19.0 71
2 9.0 133
2 47.0 210
2 5.0 114
2 5.0 151
2 48.0 147
2 12.0 148
2 50.0 225
2 20.0 134
2 14.0 148
2 28.0 115
2 4.0 170
2 22.0 106
2 12.0 239
2 20.0 93
2 16.0 159
2 18.0 142
2 14.0 118
2 28.0 156
2 18.0 132
2 37.0 239
2 2.0 111
2 41.0 166
2 25.0 101
2 25.0 94
2 21.0 157
2 25.0 113
2 23.0 194
2 20.0 155
2 24.0 69
2 23.0 103
2 14.0 105
2 17.0 103
2 37.0 155
2 15.0 184
2 48.0 136
2 26.0 111
2 23.0 78
2 18.0 97
2 10.0 150
2 36.0 117
2 6.0 162
2 21.0 226
2 22.0 150
2 5.0 158
2 4.0 113
2 5.0 130
2 10.0 140
2 10.0 145
2 30.0 91
2 8.0 167
2 10.0 130
2 18.0 205
2 22.0 158
2 4.0 124
2 23.0 165
2 17.0 22
2 31.0 133
2 14.0 154
2 0.0 306
2 3.0 114
2 1.0 149
2 16.0 188
2 1.0 129
2 9.0 1
2 6.0 81
2 28.0 181
2 3.0 139
2 18.0 186
2 6.0 160
2 12.0 131
2 45.0 137
2 3.0 99
2 13.0 140
2 10.0 195
2 24.0 106
2 11.0 124
2 15.0 129
2 28.0 212
2 19.0 22
2 10.0 137
2 11.0 7
2 19.0 41
2 28.0 166
1 71.0 317
1 80.0 244
1 31.0 76
1 41.0 120
1 19.0 187
1 23.0 91
1 4.0 151
1 143.0 1011
1 25.0 106
1 53.0 165
1 45.0 179
1 9.0 747
1 30.0 116
1 18.0 138
1 100.0 720
1 19.0 286
1 24.0 176
1 37.0 1680
1 24.0 90
1 40.0 365
1 14.0 274
1 18.0 116
1 16.0 120
1 54.0 404
1 33.0 50
1 15.0 86
1 33.0 467
1 21.0 232
1 106.0 715
1 144.0 1071
1 0.0 948
1 25.0 109
1 54.0 742
1 52.0 312
1 58.0 239
1 63.0 564
1 47.0 307
1 31.0 139
1 41.0 409
1 31.0 205
1 74.0 723
1 25.0 118
1 26.0 123
1 58.0 165
1 132.0 1049
1 33.0 332
1 27.0 99
1 94.0 584
1 70.0 445
1 1.0 183
1 17.0 190
1 7.0 379
1 75.0 284
1 89.0 764
1 20.0 224
1 17.0 441
1 124.0 640
1 141.0 955
1 37.0 230
1 37.0 83
1 34.0 616
1 14.0 168
1 8.0 120
1 34.0 130
1 17.0 162
1 21.0 50
1 72.0 605
1 69.0 530
1 3.0 169
1 8.0 136
1 8.0 245
1 26.0 245
1 23.0 145
1 23.0 115
1 17.0 170
1 19.0 172
1 32.0 241
1 118.0 805
1 6.0 203
1 37.0 395
1 66.0 262
1 101.0 470
1 33.0 173
1 0.0 864
1 27.0 153
1 3.0 302
1 0.0 566
1 22.0 83
1 17.0 1956
1 81.0 560
1 7.0 1457
1 137.0 463
1 48.0 129
1 34.0 149
1 25.0 170
1 3.0 109
1 24.0 77
1 18.0 232
1 47.0 499
1 124.0 224
1 64.0 702
1 26.0 115
1 24.0 62
1 65.0 363
1 40.0 223
1 28.0 215
1 0.0 999
1 11.0 246
1 62.0 312
1 6.0 156
1 14.0 176
1 132.0 939
1 15.0 217
1 90.0 512
1 223.0 489
1 60.0 411
1 26.0 241
1 19.0 282
1 24.0 81
1 77.0 427
1 35.0 286
1 7.0 137
1 0.0 812
1 95.0 437
1 31.0 329
1 53.0 682
1 71.0 374
1 14.0 349
1 0.0 186
1 26.0 93
1 37.0 205
1 7.0 235
1 25.0 63
1 0.0 716
1 38.0 225
1 38.0 340
1 29.0 42
1 90.0 639
1 49.0 415
1 20.0 111
1 127.0 769
1 55.0 362
1 110.0 564
1 58.0 510
1 14.0 538
1 13.0 262
1 28.0 135
1 9.0 140
1 24.0 168
1 21.0 241
1 102.0 635
1 12.0 198
1 30.0 66
1 203.0 1400
1 118.0 945
1 33.0 139
1 16.0 17
1 45.0 359
1 1.0 655
1 54.0 274
1 81.0 597
1 0.0 503
1 42.0 264
1 111.0 781
1 25.0 158
1 125.0 1124
1 23.0 158
1 89.0 873
1 32.0 122
1 32.0 416
1 37.0 132
1 33.0 187
1 106.0 438
1 26.0 89
1 10.0 234
1 16.0 155
1 27.0 113
1 8.0 231
1 34.0 48
1 35.0 159
1 17.0 205
1 17.0 166
1 0.0 696
1 0.0 853
1 28.0 106
1 18.0 438
1 19.0 228
1 30.0 103
1 19.0 168
1 43.0 259
1 33.0 232
1 9.0 222
1 56.0 156
1 48.0 262
1 22.0 255
1 25.0 197
1 41.0 222
1 6.0 173
1 72.0 260
1 27.0 233
1 34.0 234
1 62.0 368
1 80.0 531
1 9.0 181
1 80.0 581
1 24.0 187
1 38.0 362
1 32.0 162
1 4.0 144
1 20.0 210
1 42.0 373
1 4.0 203
1 22.0 156
1 32.0 346
1 22.0 171
1 46.0 262
1 20.0 128
1 44.0 207
1 17.0 9
1 34.0 215
1 43.0 171
1 81.0 407
1 7.0 165
1 47.0 127
1 52.0 385
1 15.0 169
1 31.0 240
1 13.0 173
1 28.0 73
1 36.0 203
1 55.0 255
1 29.0 189
1 41.0 266
1 28.0 90
1 23.0 232
1 20.0 172
1 45.0 479
1 62.0 248
1 50.0 167
1 46.0 303
1 17.0 174
1 26.0 146
1 25.0 268
1 5.0 228
1 80.0 558
1 30.0 176
1 36.0 151
1 2.0 285
1 49.0 477
1 16.0 3
1 29.0 125
1 51.0 410
1 18.0 169
1 47.0 284
1 55.0 353
1 10.0 211
1 23.0 31
1 33.0 114
1 18.0 460
1 31.0 399
1 17.0 215
1 21.0 41
1 71.0 395
1 35.0 137
1 15.0 160
1 7.0 230
1 108.0 436
1 11.0 1
1 33.0 183
1 31.0 210
1 27.0 157
1 82.0 615
1 36.0 190
1 28.0 120
1 62.0 413
1 36.0 213
1 34.0 260
1 49.0 288
1 6.0 183
1 22.0 216
1 10.0 377
1 13.0 552
1 17.0 186
1 18.0 14
1 20.0 160
1 56.0 368
1 30.0 128
1 52.0 287
1 24.0 219
1 32.0 118
1 26.0 119
1 6.0 222
1 43.0 283
1 12.0 211
1 38.0 230
1 70.0 377
1 23.0 206
1 32.0 196
1 27.0 44
1 4.0 156
1 38.0 196
1 38.0 121
1 24.0 172
1 67.0 253
1 36.0 311
1 5.0 212
1 37.0 410
1 35.0 82
1 25.0 46
1 17.0 246
1 1.0 325
1 42.0 162
1 34.0 146
1 79.0 555
1 3.0 173
1 24.0 238
1 49.0 428
1 16.0 288
1 51.0 242
1 17.0 263
1 28.0 236
1 33.0 135
1 71.0 533
1 21.0 184
1 3.0 180
1 8.0 241
1 27.0 80
1 41.0 139
1 39.0 237
1 13.0 203
1 18.0 294
1 0.0 272
1 20.0 220
1 48.0 296
1 40.0 183
1 35.0 118
1 119.0 795
1 24.0 85
1 29.0 159
1 63.0 335
1 2.0 218
1 44.0 153
1 24.0 201
1 26.0 226
1 27.0 217
1 22.0 195
1 31.0 254
1 30.0 222
1 30.0 112
1 29.0 31
1 20.0 234
1 40.0 273
1 17.0 407
1 17.0 157
1 12.0 186
1 12.0 165
1 6.0 132
1 111.0 813
1 31.0 325
1 41.0 126
1 17.0 126
1 51.0 388
1 24.0 44
1 4.0 230
1 59.0 358
1 34.0 195
1 19.0 413
1 23.0 251
1 0.0 508
1 47.0 468
1 31.0 145
1 30.0 82
1 99.0 423
1 9.0 278
1 62.0 136
1 8.0 213
1 69.0 580
1 43.0 226
1 59.0 291
1 47.0 256
1 42.0 341
1 65.0 339
1 34.0 244
1 46.0 398
1 20.0 322
1 36.0 220
1 43.0 72
1 42.0 169
1 10.0 205
1 0.0 251
1 37.0 212
1 28.0 230
1 14.0 206
1 36.0 176
1 14.0 307
1 82.0 538
1 37.0 322
1 53.0 236
1 11.0 131
1 97.0 637
1 2.0 175
1 34.0 137
1 16.0 173
1 80.0 644
1 66.0 476
1 5.0 173
1 49.0 83
1 15.0 155
1 12.0 170
1 0.0 451
1 24.0 156
1 29.0 166
1 40.0 197
1 0.0 300
1 94.0 748
1 13.0 113
1 76.0 333
1 97.0 704
1 14.0 201
1 26.0 203
1 38.0 156
1 29.0 274
1 4.0 162
1 112.0 734
1 2.0 165
1 6.0 189
1 36.0 252
1 2.0 147
1 70.0 372
1 74.0 253
1 62.0 271
1 73.0 554
1 34.0 250
1 27.0 144
1 4.0 416
1 11.0 159
1 18.0 199
1 44.0 274
1 35.0 149
1 79.0 468
1 11.0 362
1 80.0 413
1 30.0 134
1 13.0 196
1 8.0 0
1 31.0 123
1 10.0 6
1 1.0 229
1 32.0 155
1 22.0 140
1 1.0 219
1 37.0 124
1 32.0 79
1 62.0 534
1 16.0 111
1 15.0 10
1 21.0 245
1 32.0 137
1 41.0 304
1 0.0 804
1 27.0 64
1 6.0 123
1 1.0 179
1 37.0 342
1 26.0 52
1 51.0 312
1 44.0 179
1 28.0 147
1 33.0 224
1 29.0 66
1 37.0 173
1 33.0 247
1 35.0 245
1 96.0 703
1 5.0 139
1 3.0 229
1 31.0 164
1 11.0 148
1 43.0 316
1 53.0 299
1 14.0 181
1 52.0 237
1 57.0 217
1 2.0 195
1 2.0 245
1 44.0 323
1 15.0 221
1 30.0 306
1 8.0 205
1 10.0 181
1 39.0 308
1 26.0 181
1 39.0 247
1 0.0 313
1 13.0 118
1 14.0 163
1 16.0 269
1 14.0 13
1 35.0 67
1 7.0 184
1 42.0 434
1 3.0 131
1 32.0 110
1 36.0 107
1 26.0 154
1 36.0 36
1 49.0 192
1 93.0 611
1 16.0 180
1 43.0 145
1 13.0 257
1 10.0 218
1 28.0 128
1 33.0 149
1 22.0 163
1 29.0 103
1 41.0 208
1 11.0 177
1 20.0 14
1 48.0 357
1 28.0 59
1 25.0 178
1 43.0 191
1 42.0 272
1 1.0 195
1 21.0 263
1 83.0 606
1 31.0 182
1 33.0 308
1 32.0 217
1 68.0 335
1 13.0 156
1 63.0 363
