count nobl hse
120069 0.0 116
61563 0.0 222
61313 0.0 460
45329 0.0 334
30073 0.0 640
21740 0.0 932
21258 0.0 547
19286 0.0 773
14147 0.0 1106
10399 0.0 1256
8775 0.0 1583
8759 0.0 1416
7980 0.0 1971
7515 0.0 1767
7278 0.0 2206
5323 0.0 2444
5315 0.0 2691
4471 0.0 2940
4149 0.0 3202
4018 0.0 3787
3959 0.0 3471
3772 0.0 4133
3171 0.0 4497
2918 0.0 4864
2571 0.0 5243
2299 0.0 5650
2293 1.0 138
2238 0.0 6090
2056 0.0 7023
2013 1.0 1454
2011 0.0 6530
1988 1.0 831
1938 1.0 2178
1919 1.0 1795
1856 1.0 1147
1739 1.0 505
1682 0.0 7554
1595 1.0 3847
1589 1.0 2564
1441 0.0 8063
1440 1.0 3374
1434 1.0 2942
1379 1.0 4397
1356 1.0 4932
1343 1.0 5587
1246 0.0 8568
1245 2.0 2959
1231 2.0 3471
1125 2.0 5100
1123 2.0 2512
1121 2.0 2046
1115 2.0 4515
1091 2.0 3977
1076 2.0 1534
1054 0.0 9055
1012 2.0 1006
969 0.0 9548
966 1.0 6262
852 0.0 10055
798 0.0 13464
795 0.0 10532
759 2.0 5654
737 0.0 11038
732 1.0 6909
724 2.0 7197
712 0.0 12726
686 0.0 11558
668 0.0 12129
656 2.0 6207
627 3.0 4668
618 0.0 14270
605 0.0 15085
605 2.0 6739
604 3.0 2773
602 2.0 9585
584 1.0 7516
582 3.0 9001
582 2.0 359
571 1.0 10256
566 3.0 3448
554 3.0 6616
554 1.0 8736
553 1.0 8121
550 2.0 7730
545 0.0 15976
537 3.0 7333
530 3.0 1969
530 1.0 11159
518 3.0 8089
516 3.0 4103
514 1.0 9425
506 2.0 8277
502 4.0 5374
499 2.0 8876
483 4.0 6642
481 3.0 5903
472 2.0 10287
465 0.0 16842
453 3.0 5269
449 0.0 18771
431 4.0 7791
425 3.0 9938
422 1.0 13003
421 4.0 4026
421 1.0 12038
410 0.0 17749
402 3.0 11984
401 4.0 9058
398 0.0 20940
396 4.0 10230
381 0.0 19804
375 3.0 10939
374 2.0 10975
370 2.0 11645
359 3.0 1048
342 4.0 2855
335 4.0 13718
333 1.0 16175
333 4.0 12475
332 0.0 22124
327 3.0 14035
326 1.0 17586
321 0.0 26962
319 1.0 14004
317 1.0 14973
307 2.0 12356
305 2.0 16402
300 3.0 12991
298 2.0 13833
297 2.0 13111
290 3.0 16496
288 3.0 15228
278 0.0 24378
277 4.0 11322
273 1.0 19091
264 0.0 25701
264 4.0 16264
259 0.0 23203
250 2.0 14739
244 3.0 17851
244 4.0 14971
240 5.0 13313
238 0.0 29858
233 0.0 28324
232 2.0 19784
232 2.0 18470
229 0.0 32861
226 2.0 15595
226 2.0 17402
224 5.0 9599
224 5.0 12109
222 4.0 1426
220 5.0 7435
208 5.0 10793
206 5.0 6209
205 1.0 20418
205 0.0 31437
203 6.0 12087
199 4.0 17601
196 0.0 34339
192 5.0 4969
187 2.0 21140
187 4.0 19011
186 1.0 21608
183 2.0 22439
182 0.0 35891
179 3.0 21642
173 3.0 19049
172 2.0 23940
172 6.0 7147
169 6.0 10328
168 5.0 8447
168 3.0 23086
162 4.0 25148
161 6.0 15334
160 2.0 28449
158 4.0 21810
156 4.0 23417
156 4.0 20372
156 6.0 16865
155 7.0 13655
154 6.0 13762
154 3.0 20266
150 5.0 14469
147 3.0 25932
146 5.0 19645
146 1.0 22769
145 5.0 15636
144 6.0 6078
144 6.0 8657
143 2.0 33296
143 5.0 16763
142 5.0 25706
140 5.0 3897
139 1.0 25134
136 3.0 28226
136 2.0 25406
136 5.0 18612
131 6.0 18496
129 0.0 37435
129 4.0 27071
128 1.0 28115
126 7.0 18243
126 5.0 22505
126 1.0 23922
124 2.0 26921
123 1.0 26535
122 5.0 2731
122 5.0 27647
121 8.0 16041
120 7.0 22552
119 5.0 21012
117 0.0 43152
116 5.0 32247
116 5.0 24073
116 5.0 17709
116 0.0 38877
115 6.0 24694
111 0.0 44959
110 7.0 16092
108 7.0 8961
107 7.0 11395
107 5.0 30019
106 6.0 23082
106 6.0 21515
105 4.0 31006
104 7.0 6874
104 2.0 31900
103 3.0 24553
103 1.0 34857
102 4.0 28973
99 6.0 20109
99 2.0 30123
97 7.0 20281
96 1.0 31534
95 0.0 48424
95 0.0 41586
93 7.0 30939
90 0.0 46912
90 8.0 23693
89 1.0 29868
89 3.0 40711
89 7.0 24791
88 4.0 33110
87 0.0 40152
87 6.0 33943
85 6.0 27931
85 1.0 41109
85 8.0 6666
85 7.0 2242
85 8.0 12330
85 5.0 1315
85 3.0 27119
84 6.0 29853
83 3.0 35769
83 3.0 29392
83 0.0 54586
82 1.0 33168
82 0.0 58817
81 2.0 42534
80 0.0 62742
80 3.0 34101
79 5.0 34605
79 3.0 43634
79 8.0 26756
79 0.0 50122
78 1.0 38808
78 0.0 52298
77 3.0 32442
76 0.0 79930
76 8.0 18321
75 6.0 31795
75 2.0 35369
75 8.0 32421
73 9.0 23342
73 2.0 39166
73 6.0 26172
73 0.0 69628
73 5.0 36580
72 9.0 13492
71 3.0 30896
71 7.0 5170
70 3.0 38203
70 1.0 36701
70 8.0 37062
70 8.0 20730
69 2.0 37234
69 8.0 5039
69 6.0 36377
68 2.0 40945
68 8.0 29542
67 4.0 34942
67 7.0 26510
65 4.0 36907
64 4.0 40776
64 3.0 47075
63 6.0 4518
63 6.0 1574
62 0.0 60729
61 9.0 7259
60 7.0 29321
60 4.0 38781
60 7.0 33226
59 8.0 34740
59 6.0 38825
59 7.0 27829
59 2.0 58514
58 0.0 56895
57 0.0 64823
57 2.0 46876
56 8.0 10217
54 7.0 35474
54 2.0 44186
54 9.0 16019
53 9.0 26617
53 4.0 52856
52 6.0 44034
52 11.0 14992
52 4.0 49997
51 0.0 67160
51 9.0 34616
50 5.0 38351
50 4.0 47595
50 9.0 31461
50 9.0 10167
50 1.0 56110
50 2.0 76344
50 8.0 39502
49 7.0 37820
49 10.0 31514
48 2.0 49381
48 8.0 14126
48 1.0 45605
48 9.0 20519
47 8.0 42525
47 9.0 40314
47 0.0 71698
47 9.0 37516
46 5.0 55673
46 1.0 79617
46 4.0 43054
45 6.0 46913
45 8.0 8413
45 5.0 40263
45 8.0 48406
45 3.0 49810
45 6.0 41528
44 4.0 56393
44 1.0 50492
44 4.0 45200
44 10.0 7943
43 10.0 17022
43 11.0 6499
43 1.0 43334
42 0.0 87793
42 9.0 28778
41 7.0 42972
41 10.0 35293
41 0.0 90052
41 1.0 48371
41 7.0 49592
41 7.0 45156
40 12.0 14935
40 13.0 33234
39 5.0 45923
39 10.0 52296
39 2.0 52340
39 7.0 40178
38 9.0 46407
38 9.0 43046
38 10.0 19334
38 1.0 52864
38 11.0 23063
38 6.0 3008
38 10.0 27872
37 0.0 73473
37 8.0 58519
37 10.0 22900
37 8.0 51599
37 10.0 38375
37 5.0 52169
36 7.0 56242
36 1.0 63990
36 3.0 52582
36 0.0 76054
36 6.0 49998
36 9.0 60255
35 12.0 63868
35 14.0 10966
35 5.0 50087
35 6.0 52680
35 5.0 77878
35 2.0 60987
35 5.0 47966
35 10.0 48334
35 7.0 52607
35 9.0 18361
34 2.0 95387
34 3.0 54879
34 5.0 44333
34 4.0 64823
34 5.0 69478
33 3.0 62612
33 0.0 114906
33 7.0 47112
33 8.0 45673
32 4.0 61690
32 10.0 42093
32 3.0 59755
32 8.0 55226
32 12.0 44059
31 5.0 59689
31 1.0 66969
31 11.0 61812
31 10.0 11563
31 5.0 42376
31 10.0 45320
31 9.0 49823
31 0.0 95600
30 1.0 58434
30 11.0 30061
30 10.0 14274
30 5.0 63379
30 11.0 19920
30 10.0 25186
29 5.0 82436
29 11.0 41595
29 0.0 77976
29 1.0 61037
29 0.0 93309
29 6.0 69781
29 2.0 55053
28 2.0 66950
28 7.0 66662
28 12.0 39852
28 11.0 68302
28 12.0 32889
28 0.0 82555
27 2.0 82861
27 0.0 111224
27 6.0 54539
27 6.0 63541
27 9.0 52718
27 11.0 35865
27 9.0 68663
27 10.0 60664
27 4.0 67992
27 4.0 83724
26 0.0 98533
26 7.0 63726
26 8.0 79550
26 10.0 69726
26 2.0 63902
26 6.0 60048
26 8.0 62649
25 0.0 157031
25 11.0 48905
25 12.0 4235
25 3.0 57347
25 7.0 74360
25 11.0 26641
25 7.0 59540
25 4.0 59161
25 6.0 73314
24 8.0 2002
24 11.0 52844
24 11.0 45127
24 10.0 56569
24 3.0 79108
24 11.0 38426
23 11.0 17401
23 3.0 66067
23 4.0 74186
23 6.0 66678
23 0.0 119822
23 9.0 4772
23 0.0 85273
23 0.0 105562
23 1.0 70205
23 8.0 75743
23 13.0 50740
23 3.0 76024
23 7.0 70424
23 4.0 71017
23 7.0 79271
23 12.0 26050
22 12.0 69265
22 8.0 84548
22 12.0 57699
22 12.0 49390
22 3.0 71841
22 9.0 64844
22 2.0 91661
22 1.0 72846
22 12.0 29841
22 8.0 66577
22 9.0 55640
22 10.0 65130
21 11.0 75008
21 2.0 79244
21 4.0 101798
21 12.0 36037
21 13.0 42187
21 2.0 73127
21 6.0 57107
21 5.0 73475
21 6.0 90917
20 5.0 95524
20 0.0 107857
20 3.0 91540
20 1.0 76132
20 8.0 70652
20 0.0 101824
20 2.0 98556
20 9.0 83993
20 9.0 1667
19 2.0 115227
19 6.0 81344
19 2.0 136358
19 6.0 76667
19 5.0 91230
19 6.0 84340
19 5.0 66187
18 7.0 97515
18 11.0 57185
18 3.0 86990
18 4.0 94259
18 7.0 92292
18 10.0 3575
18 5.0 86546
18 13.0 45988
18 11.0 86705
17 4.0 88561
17 13.0 25498
17 17.0 15844
17 8.0 111542
17 0.0 123165
17 0.0 167121
17 7.0 84169
17 11.0 11005
17 0.0 133783
17 10.0 78582
17 15.0 69085
16 14.0 49294
16 7.0 87908
16 6.0 101404
16 12.0 22129
16 14.0 55560
16 0.0 141182
16 15.0 23142
16 0.0 179047
16 14.0 31204
16 2.0 70206
15 6.0 110244
15 11.0 32829
15 13.0 105760
15 13.0 56415
15 9.0 73236
15 9.0 77098
15 12.0 53393
15 0.0 136846
15 3.0 68608
15 14.0 81687
15 5.0 122623
15 13.0 38572
15 1.0 117530
15 14.0 60154
14 0.0 161660
14 11.0 94249
14 7.0 106717
14 1.0 84553
14 10.0 89794
14 14.0 74563
14 4.0 128931
14 6.0 93762
14 0.0 184529
14 4.0 77799
14 1.0 89046
14 10.0 84567
14 7.0 112381
14 13.0 73905
14 11.0 90724
14 10.0 73568
14 15.0 39070
14 13.0 29617
14 16.0 46178
13 6.0 170556
13 10.0 100290
13 5.0 105065
13 0.0 146865
13 15.0 91371
13 11.0 116133
13 4.0 106607
13 15.0 43019
13 4.0 112084
13 2.0 121932
13 12.0 76697
13 0.0 151829
13 0.0 195982
13 1.0 93670
13 9.0 80001
13 5.0 99539
12 8.0 88409
12 6.0 105552
12 2.0 109117
12 7.0 101574
12 14.0 35330
12 13.0 63527
12 13.0 78546
12 12.0 18146
12 15.0 82694
12 3.0 83261
12 0.0 172330
12 15.0 99129
12 12.0 87878
12 16.0 82388
12 14.0 91884
12 9.0 119263
12 13.0 84689
12 9.0 88299
12 8.0 94807
12 15.0 34856
12 0.0 125686
12 9.0 92459
12 1.0 122324
12 3.0 115127
11 13.0 88607
11 3.0 96649
11 14.0 159170
11 11.0 82073
11 12.0 105258
11 14.0 43129
11 15.0 63659
11 5.0 142096
11 6.0 127419
11 11.0 2443
11 21.0 112974
11 18.0 68329
11 11.0 99810
11 10.0 135933
11 13.0 149964
11 4.0 136518
11 9.0 102364
11 2.0 104263
11 9.0 150050
11 8.0 106622
10 14.0 138274
10 10.0 106462
10 1.0 128516
10 8.0 100481
10 16.0 24509
10 9.0 170347
10 5.0 116768
10 6.0 87832
10 10.0 109375
10 0.0 130321
10 10.0 94204
10 10.0 156552
10 14.0 64547
10 0.0 191436
10 10.0 164275
10 13.0 140071
10 3.0 126151
10 13.0 17594
10 2.0 158886
10 5.0 110491
10 18.0 22876
10 9.0 107875
10 14.0 39500
10 2.0 87355
9 8.0 130645
9 11.0 137465
9 13.0 124739
9 6.0 164699
9 12.0 8912
9 14.0 133321
9 10.0 114449
9 12.0 92149
9 16.0 52770
9 0.0 209154
9 15.0 131823
9 1.0 100891
9 3.0 107634
9 14.0 27579
9 16.0 86061
9 14.0 87540
9 8.0 91374
9 17.0 73191
9 13.0 67225
9 19.0 91429
9 20.0 75957
9 0.0 322234
9 14.0 70095
9 10.0 118389
9 8.0 118200
9 11.0 104084
9 13.0 10261
9 15.0 194530
9 1.0 171058
9 17.0 39174
9 16.0 15123
9 13.0 110989
9 15.0 47067
9 9.0 112305
9 3.0 100466
8 13.0 3062
8 14.0 110057
8 15.0 75222
8 7.0 168534
8 16.0 74881
8 17.0 34459
8 0.0 259388
8 20.0 67749
8 12.0 98342
8 11.0 150886
8 1.0 143932
8 8.0 124165
8 14.0 103462
8 3.0 103641
8 12.0 137580
8 11.0 122105
8 2.0 182884
8 15.0 26095
8 9.0 160059
8 9.0 126947
8 12.0 115262
8 21.0 125445
8 13.0 162110
8 1.0 111586
8 0.0 277898
8 2.0 129180
8 0.0 201669
8 13.0 135281
8 14.0 118253
8 13.0 118615
8 11.0 144972
8 14.0 23285
8 15.0 108002
8 17.0 89655
8 30.0 68975
8 17.0 50396
8 16.0 170196
8 9.0 143264
8 5.0 169285
7 12.0 144727
7 18.0 75046
7 14.0 147924
7 13.0 36166
7 8.0 141979
7 0.0 228743
7 17.0 65543
7 10.0 141719
7 3.0 148247
7 0.0 350791
7 3.0 172036
7 16.0 136061
7 22.0 40080
7 7.0 135314
7 19.0 84283
7 17.0 125911
7 5.0 175936
7 15.0 4480
7 10.0 149048
7 10.0 128288
7 12.0 81844
7 16.0 119188
7 16.0 100189
7 8.0 178824
7 12.0 73726
7 18.0 111297
7 15.0 52963
7 6.0 122415
7 1.0 97145
7 4.0 142849
7 13.0 98463
7 8.0 155918
7 8.0 161820
7 17.0 94357
7 11.0 126293
6 16.0 57949
6 12.0 126266
6 4.0 122478
6 7.0 119988
6 12.0 131026
6 12.0 185281
6 9.0 137997
6 13.0 7274
6 18.0 85560
6 6.0 136623
6 11.0 185405
6 19.0 14207
6 16.0 200348
6 10.0 210479
6 21.0 202824
6 16.0 63601
6 18.0 121538
6 19.0 31702
6 15.0 140472
6 14.0 125979
6 16.0 146934
6 3.0 143464
6 15.0 57938
6 7.0 202795
6 21.0 144073
6 16.0 68022
6 24.0 73632
6 21.0 160711
6 4.0 117945
6 19.0 171049
6 19.0 64983
6 18.0 58966
6 16.0 111449
6 2.0 229559
6 1.0 163787
6 10.0 181769
6 9.0 97496
6 15.0 30216
6 13.0 184644
6 18.0 127339
6 13.0 21527
6 18.0 79708
6 3.0 204072
6 12.0 245467
6 5.0 148249
6 18.0 89905
6 19.0 72433
6 6.0 150353
6 6.0 212959
6 0.0 283857
6 22.0 91765
6 14.0 166759
5 15.0 156701
5 11.0 131136
5 2.0 205092
5 11.0 174727
5 15.0 148194
5 21.0 70761
5 9.0 188520
5 8.0 185100
5 2.0 307079
5 20.0 30564
5 13.0 93772
5 9.0 214862
5 3.0 119766
5 14.0 97504
5 13.0 167956
5 13.0 81707
5 16.0 4788
5 16.0 189358
5 19.0 151383
5 12.0 154776
5 6.0 201926
5 1.0 179215
5 12.0 162904
5 20.0 4973
5 0.0 268383
5 22.0 118107
5 18.0 96641
5 6.0 156473
5 9.0 197475
5 21.0 133469
5 19.0 133592
5 8.0 136669
5 10.0 123473
5 15.0 119186
5 20.0 60319
5 22.0 198239
5 0.0 308373
5 17.0 169657
5 19.0 184447
5 12.0 200832
5 13.0 196847
5 14.0 17370
5 0.0 217561
5 7.0 130553
5 4.0 192932
5 16.0 125308
5 20.0 53586
5 1.0 106446
5 12.0 110508
5 16.0 233439
5 18.0 149941
5 19.0 46766
5 17.0 120079
5 7.0 215034
5 7.0 146912
5 8.0 222900
5 20.0 112197
5 5.0 206585
5 17.0 5082
5 19.0 55787
5 6.0 219903
5 18.0 45742
5 0.0 377902
5 19.0 159057
5 17.0 58344
5 1.0 155742
5 5.0 156630
5 0.0 240665
5 0.0 246605
5 0.0 234713
4 10.0 340680
4 15.0 112379
4 22.0 263790
4 13.0 209216
4 7.0 318977
4 17.0 25817
4 22.0 253390
4 20.0 88856
4 9.0 233960
4 17.0 137396
4 12.0 150847
4 14.0 293634
4 1.0 186097
4 14.0 190894
4 7.0 187573
4 2.0 149935
4 7.0 152651
4 1.0 134921
4 16.0 37273
4 3.0 131968
4 23.0 203710
4 19.0 105022
4 9.0 264360
4 13.0 128300
4 4.0 156972
4 11.0 108841
4 22.0 136710
4 20.0 43217
4 8.0 255569
4 19.0 98641
4 16.0 155936
4 6.0 142765
4 8.0 311062
4 23.0 240884
4 20.0 178982
4 5.0 194332
4 33.0 283913
4 20.0 117731
4 14.0 179730
4 17.0 101363
4 11.0 159193
4 19.0 110604
4 12.0 119761
4 9.0 297477
4 2.0 198888
4 19.0 122518
4 0.0 532500
4 23.0 212892
4 22.0 242910
4 17.0 84864
4 8.0 248472
4 23.0 186250
4 20.0 141033
4 10.0 173004
4 17.0 107913
4 18.0 162882
4 10.0 280051
4 3.0 137230
4 17.0 276077
4 14.0 242758
4 0.0 733511
4 16.0 92403
4 11.0 238230
4 3.0 191865
4 19.0 144087
4 5.0 187000
4 11.0 268879
4 18.0 131512
4 5.0 217129
4 22.0 155130
4 16.0 165471
4 9.0 132485
4 11.0 297437
4 6.0 229265
4 20.0 158682
4 0.0 451320
4 8.0 171251
4 25.0 228296
4 16.0 30840
4 1.0 260426
4 12.0 206117
4 15.0 124236
4 16.0 181288
4 6.0 117302
4 21.0 87832
4 17.0 79718
4 4.0 150574
4 11.0 195975
4 19.0 117826
4 13.0 262326
4 0.0 337916
4 23.0 73847
4 6.0 237715
4 18.0 255096
3 8.0 214395
3 14.0 261347
3 18.0 220499
3 21.0 49349
3 11.0 201828
3 1.0 194102
3 15.0 204727
3 14.0 216252
3 19.0 39281
3 8.0 148443
3 10.0 307786
3 25.0 137306
3 1.0 217855
3 26.0 219012
3 3.0 244035
3 5.0 303389
3 9.0 248439
3 1.0 201218
3 14.0 172471
3 29.0 178616
3 18.0 183334
3 20.0 134508
3 2.0 321764
3 23.0 137530
3 7.0 159975
3 4.0 230307
3 28.0 277526
3 2.0 241355
3 14.0 198622
3 4.0 217896
3 26.0 374191
3 20.0 14199
3 21.0 65802
3 23.0 68019
3 22.0 166190
3 14.0 232825
3 27.0 23159
3 12.0 230709
3 8.0 192723
3 7.0 292316
3 18.0 139551
3 0.0 298121
3 7.0 263546
3 12.0 279490
3 2.0 176937
3 21.0 284817
3 23.0 273131
3 11.0 222144
3 11.0 165843
3 23.0 263059
3 5.0 132050
3 25.0 210909
3 6.0 180389
3 2.0 143099
3 21.0 213079
3 3.0 156482
3 22.0 129685
3 18.0 26086
3 16.0 246605
3 22.0 51951
3 0.0 224074
3 11.0 211688
3 18.0 32555
3 20.0 97613
3 24.0 111758
3 8.0 230011
3 2.0 379677
3 12.0 169631
3 2.0 170064
3 23.0 82108
3 23.0 248919
3 25.0 160744
3 17.0 363992
3 21.0 175791
3 17.0 149327
3 4.0 237416
3 11.0 251338
3 18.0 102805
3 20.0 149984
3 1.0 230454
3 21.0 38899
3 2.0 278349
3 2.0 352296
3 31.0 262153
3 3.0 162086
3 5.0 228566
3 23.0 48589
3 22.0 290596
3 11.0 416264
3 2.0 441049
3 24.0 174966
3 22.0 210491
3 18.0 38728
3 10.0 202756
3 15.0 14548
3 8.0 353414
3 18.0 4971
3 21.0 104935
3 20.0 199733
3 13.0 253412
3 21.0 80034
3 15.0 270787
3 15.0 332350
3 2.0 221842
3 0.0 252693
3 9.0 177187
3 7.0 245605
2 16.0 296399
2 7.0 533741
2 22.0 386310
2 23.0 434474
2 1.0 324642
2 31.0 285519
2 26.0 236133
2 3.0 233164
2 25.0 125921
2 19.0 340510
2 17.0 224086
2 17.0 399072
2 10.0 218242
2 4.0 166911
2 2.0 387692
2 8.0 241829
2 10.0 577152
2 26.0 125476
2 21.0 15073
2 21.0 491468
2 17.0 244967
2 40.0 637842
2 7.0 141191
2 35.0 731518
2 8.0 165345
2 6.0 415828
2 23.0 130997
2 3.0 227359
2 23.0 36235
2 29.0 239668
2 25.0 110586
2 10.0 271167
2 21.0 459901
2 22.0 78275
2 17.0 218320
2 24.0 279453
2 18.0 312171
2 1.0 534324
2 28.0 93895
2 0.0 758686
2 26.0 279796
2 43.0 310536
2 32.0 292421
2 5.0 381921
2 21.0 166158
2 17.0 319820
2 18.0 347724
2 48.0 157962
2 26.0 71627
2 48.0 198342
2 42.0 244801
2 25.0 265569
2 6.0 309730
2 13.0 270671
2 19.0 328246
2 17.0 235020
2 3.0 268305
2 25.0 62287
2 12.0 395052
2 8.0 270013
2 8.0 200149
2 11.0 259405
2 6.0 440267
2 24.0 229747
2 0.0 991962
2 36.0 221606
2 3.0 260921
2 14.0 281658
2 12.0 192433
2 1.0 237481
2 26.0 250935
2 21.0 100343
2 41.0 1080651
2 12.0 353146
2 18.0 547238
2 5.0 246145
2 27.0 206926
2 13.0 219727
2 6.0 299134
2 25.0 175987
2 23.0 418368
2 14.0 5487
2 10.0 381344
2 0.0 698066
2 33.0 241217
2 11.0 281842
2 7.0 279102
2 5.0 292035
2 18.0 174430
2 34.0 917299
2 2.0 259198
2 20.0 247678
2 19.0 357052
2 35.0 241662
2 16.0 215208
2 3.0 287550
2 24.0 122609
2 17.0 116159
2 4.0 300530
2 34.0 602831
2 22.0 472255
2 19.0 286553
2 0.0 665996
2 51.0 1105700
2 0.0 715162
2 24.0 458039
2 15.0 252051
2 6.0 358841
2 17.0 176222
2 20.0 297797
2 18.0 16180
2 37.0 1086906
2 12.0 256583
2 20.0 327720
2 22.0 68400
2 9.0 363180
2 7.0 477929
2 18.0 304267
2 9.0 312879
2 21.0 428479
2 10.0 190221
2 28.0 596173
2 12.0 176246
2 4.0 321257
2 5.0 404354
2 16.0 286394
2 33.0 143433
2 48.0 176111
2 24.0 552409
2 20.0 384344
2 44.0 1199528
2 20.0 222283
2 12.0 212264
2 19.0 219045
2 13.0 346431
2 6.0 553898
2 25.0 181095
2 0.0 419522
2 4.0 275474
2 22.0 108399
2 10.0 227720
2 6.0 190685
2 2.0 252312
2 25.0 149930
2 6.0 286074
2 31.0 189277
2 4.0 208028
2 23.0 449038
2 22.0 436708
2 17.0 201009
2 18.0 279105
2 19.0 272541
2 7.0 224022
2 15.0 222179
2 18.0 229265
2 24.0 77709
2 27.0 86601
2 8.0 394669
2 15.0 234785
2 36.0 317453
2 36.0 952904
2 25.0 26172
2 23.0 162831
2 35.0 170271
2 0.0 403666
2 0.0 359587
2 18.0 204401
2 14.0 378697
2 5.0 265264
2 4.0 399648
2 41.0 413654
2 25.0 396809
2 3.0 322206
2 23.0 99477
2 15.0 164804
2 29.0 25904
2 24.0 314601
2 0.0 467564
2 19.0 197335
2 9.0 388032
2 18.0 193838
2 10.0 238465
2 20.0 353925
2 32.0 242864
2 32.0 133566
2 2.0 657891
2 21.0 309223
2 1.0 308290
2 9.0 486077
2 22.0 223559
2 14.0 205492
2 5.0 253293
2 6.0 269357
2 15.0 353443
2 16.0 326831
2 26.0 138172
2 26.0 32588
1 32.0 388448
1 23.0 235135
1 20.0 190202
1 32.0 216886
1 13.0 227871
1 11.0 430467
1 0.0 871489
1 29.0 108474
1 2.0 290387
1 14.0 320478
1 6.0 261200
1 20.0 272923
1 14.0 391198
1 24.0 467598
1 27.0 346307
1 22.0 30667
1 17.0 348876
1 21.0 32395
1 22.0 178182
1 4.0 290159
1 22.0 325163
1 13.0 301446
1 1.0 373595
1 0.0 456991
1 0.0 553316
1 11.0 312601
1 23.0 283498
1 0.0 577318
1 27.0 72792
1 48.0 186424
1 23.0 153141
1 16.0 306974
1 24.0 134546
1 15.0 388067
1 28.0 103969
1 10.0 323852
1 28.0 204318
1 24.0 266680
1 24.0 440429
1 9.0 539425
1 13.0 328890
1 11.0 336649
1 2.0 361161
1 21.0 446542
1 32.0 547264
1 18.0 295677
1 17.0 184684
1 0.0 864992
1 12.0 310230
1 0.0 488076
1 10.0 504444
1 0.0 657898
1 1.0 296265
1 23.0 124634
1 21.0 240897
1 0.0 649396
1 0.0 390241
1 8.0 327098
1 31.0 954657
1 17.0 158759
1 30.0 108388
1 12.0 378456
1 32.0 256724
1 34.0 446226
1 21.0 301145
1 3.0 717687
1 20.0 339621
1 3.0 656205
1 21.0 232806
1 62.0 680146
1 49.0 204933
1 0.0 689960
1 24.0 536002
1 20.0 393485
1 6.0 330635
1 5.0 363397
1 24.0 144654
1 21.0 276174
1 36.0 1083713
1 19.0 252299
1 14.0 274692
1 0.0 291435
1 7.0 616898
1 31.0 88767
1 27.0 277962
1 18.0 566747
1 2.0 638046
1 0.0 707539
1 20.0 171677
1 13.0 354471
1 20.0 320721
1 26.0 261323
1 10.0 473329
1 7.0 233998
1 28.0 350387
1 11.0 360497
1 21.0 504780
1 21.0 373972
1 1.0 242865
1 19.0 208734
1 19.0 621303
1 23.0 4129
1 9.0 378818
1 11.0 398063
1 23.0 27284
1 10.0 261592
1 21.0 828610
1 9.0 398982
1 2.0 484817
1 9.0 288603
1 26.0 95104
1 34.0 341556
1 25.0 277059
1 8.0 365653
1 30.0 54957
1 0.0 432144
1 13.0 392457
1 8.0 283351
1 12.0 220204
1 34.0 318857
1 19.0 470555
1 20.0 284437
1 24.0 189180
1 27.0 306209
1 23.0 298764
1 19.0 379593
1 3.0 275883
1 14.0 4098994
1 36.0 749006
1 108.0 2458891
1 56.0 1759707
1 46.0 2418510
1 50.0 822299
1 40.0 250501
1 0.0 33822426
1 31.0 104147
1 111.0 6112762
1 8.0 506534
1 0.0 1271208
1 2.0 2610480
1 44.0 1366082
1 62.0 2127029
1 40.0 869156
1 25.0 2806602
1 23.0 3037382
1 7.0 2459433
1 80.0 3209335
1 47.0 2816684
1 4.0 184785
1 65.0 1348620
1 52.0 277845
1 30.0 314544
1 58.0 217430
1 29.0 855655
1 72.0 4091967
1 30.0 719213
1 52.0 1354842
1 36.0 393361
1 29.0 1167138
1 7.0 310175
1 54.0 1123233
1 37.0 1582851
1 4.0 1314947
1 68.0 1547081
1 14.0 1035424
1 65.0 1671751
1 29.0 502657
1 80.0 3715305
1 10.0 400430
1 18.0 818869
1 54.0 2208002
1 76.0 997919
1 34.0 332331
1 21.0 697370
1 49.0 2652479
1 25.0 669056
1 18.0 514885
1 21.0 2252091
1 38.0 916839
1 2.0 2105599
1 49.0 538009
1 53.0 1658803
1 48.0 2132939
1 43.0 786726
1 50.0 1866225
1 101.0 2366585
1 34.0 895520
1 57.0 745447
1 9.0 1367364
1 69.0 3132935
1 83.0 4371757
1 26.0 960184
1 47.0 967389
1 15.0 523094
1 32.0 591967
1 79.0 2466266
1 24.0 915920
1 42.0 1391598
1 27.0 581725
1 43.0 1040613
1 67.0 2312732
1 27.0 719318
1 25.0 523867
1 41.0 899347
1 82.0 4065803
1 82.0 3407787
1 48.0 1147334
1 16.0 582460
1 58.0 1435512
1 45.0 757721
1 8.0 1054332
1 20.0 751986
1 33.0 613394
1 39.0 1075732
1 19.0 786492
1 6.0 340734
1 14.0 1336668
1 49.0 904990
1 26.0 715572
1 46.0 1346822
1 42.0 1219856
1 37.0 731203
1 22.0 340074
1 4.0 751835
1 46.0 881869
1 7.0 607442
1 32.0 713307
1 6.0 1361121
1 74.0 550204
1 48.0 971814
1 44.0 1558504
1 28.0 359594
1 33.0 154638
1 8.0 637616
1 40.0 1670963
1 5.0 505504
1 34.0 40040
1 62.0 1685503
1 20.0 1283854
1 31.0 1758616
1 41.0 195827
1 33.0 466204
1 70.0 2423622
1 38.0 210059
1 15.0 727378
1 72.0 678471
1 3.0 454375
1 41.0 2170193
1 0.0 857613
1 0.0 2043000
1 9.0 797881
1 27.0 410860
1 38.0 404722
1 15.0 1713508
1 28.0 523346
1 4.0 480092
1 5.0 779437
1 47.0 473179
1 19.0 481668
1 12.0 569095
1 21.0 816858
1 23.0 591819
1 53.0 923880
1 49.0 25560
1 11.0 458668
1 17.0 705113
1 10.0 331346
1 24.0 598725
1 3.0 705307
1 30.0 1512772
1 37.0 271295
1 95.0 328005
1 28.0 260358
1 89.0 7087688
1 74.0 6118375
1 32.0 274019
1 0.0 36874741
1 62.0 663352
1 33.0 1552848
1 41.0 515068
1 49.0 221185
1 55.0 1424131
1 100.0 5001442
1 0.0 7361652
1 22.0 466337
1 42.0 2382891
1 18.0 1283854
1 118.0 9364982
1 75.0 624188
1 132.0 8442988
1 19.0 634465
1 0.0 473380
1 38.0 569863
1 127.0 6087144
1 44.0 1181613
1 64.0 5708320
1 62.0 2914009
1 81.0 2221666
1 31.0 967338
1 132.0 10048257
1 36.0 1068822
1 14.0 1457748
1 118.0 5782668
1 0.0 4355944
1 10.0 1086300
1 13.0 3779324
1 47.0 2494896
1 7.0 10599100
1 58.0 7244652
1 9.0 2444480
1 223.0 1451556
1 53.0 20328459
1 141.0 8630827
1 71.0 2133496
1 34.0 644019
1 26.0 526655
1 203.0 15744036
1 94.0 3527032
1 124.0 4214644
1 0.0 34227454
1 16.0 344564
1 49.0 1148772
1 81.0 3494566
1 0.0 28353635
1 124.0 600075
1 106.0 2485156
1 137.0 14659284
1 44.0 415562
1 69.0 4109139
1 0.0 2332204
1 51.0 2814212
1 2.0 533375
1 23.0 2698564
1 125.0 11020392
1 111.0 5461901
1 89.0 9048229
1 30.0 98951
1 37.0 11860683
1 0.0 41201555
1 63.0 1511606
1 5.0 973414
1 56.0 247748
1 29.0 96222
1 27.0 219697
1 21.0 1351309
1 96.0 4773347
1 7.0 3122233
1 45.0 971201
1 106.0 5037427
1 38.0 1941026
1 112.0 5752530
1 7.0 1233549
1 62.0 86356
1 66.0 3162633
1 53.0 567319
1 35.0 1420692
1 14.0 305116
1 33.0 946543
1 143.0 9128181
1 39.0 1367711
1 77.0 2633409
1 73.0 3761258
1 0.0 2733056
1 13.0 463288
1 11.0 346834
1 97.0 4016285
1 2.0 1108582
1 47.0 1272000
1 37.0 569339
1 16.0 1923884
1 47.0 257667
1 70.0 1836251
1 59.0 1330401
1 0.0 1594301
1 32.0 1320716
1 42.0 1593026
1 90.0 3163893
1 102.0 4049763
1 9.0 467477
1 144.0 9862889
1 67.0 739545
1 90.0 4283559
1 34.0 2599123
1 42.0 1971403
1 71.0 836166
1 71.0 3406501
1 81.0 4145466
1 20.0 264964
1 54.0 5721940
1 18.0 3244219
1 17.0 5209916
1 0.0 9977310
1 97.0 5526238
1 99.0 2195847
1 28.0 677668
1 51.0 2238420
1 59.0 893985
1 31.0 662013
1 63.0 3852301
1 17.0 2450652
1 94.0 6117604
1 110.0 3063472
1 20.0 886148
1 16.0 707692
1 60.0 2230246
1 67.0 2104729
1 80.0 1031084
1 5.0 353934
1 26.0 156217
1 12.0 896557
1 0.0 29409368
1 1.0 3333263
1 79.0 3678560
1 6.0 859714
1 93.0 3542858
1 16.0 672274
1 41.0 1049515
1 37.0 522181
1 0.0 598372
1 17.0 425153
1 5.0 375760
1 18.0 617178
1 27.0 362542
1 49.0 1110325
1 70.0 1793013
1 28.0 124721
1 14.0 338525
1 15.0 378968
1 31.0 1004834
1 24.0 637363
1 31.0 223988
1 11.0 388282
1 7.0 359543
1 22.0 11097
1 23.0 373731
1 5.0 538947
1 15.0 261830
1 27.0 251895
1 20.0 913526
1 13.0 570302
1 10.0 550778
1 0.0 638393
1 29.0 276399
1 28.0 334248
1 4.0 259014
1 18.0 450296
1 19.0 436149
1 11.0 245232
1 29.0 439866
1 15.0 691945
1 21.0 515250
1 21.0 248906
1 1.0 429285
1 3.0 499099
1 19.0 731088
1 28.0 73717
1 12.0 783758
1 44.0 359308
1 19.0 177025
1 38.0 360082
1 27.0 167404
1 5.0 446236
1 15.0 577399
1 26.0 87287
1 13.0 309599
1 22.0 428479
1 34.0 416215
1 32.0 316424
1 37.0 208449
1 30.0 354284
1 28.0 389705
1 62.0 130133
1 4.0 359888
1 10.0 375352
1 28.0 633447
1 20.0 1327087
1 31.0 62173
1 71.0 2088520
1 19.0 595249
1 8.0 458599
1 43.0 360582
1 26.0 328705
1 23.0 481059
1 25.0 312890
1 35.0 1397511
1 31.0 134711
1 18.0 893867
1 28.0 53808
1 5.0 484733
1 5.0 954733
1 0.0 900682
1 45.0 950389
1 8.0 292722
1 26.0 200109
1 13.0 363050
1 21.0 265887
1 37.0 710368
1 1.0 340298
1 30.0 173594
1 20.0 449466
1 12.0 296400
1 18.0 53551
1 36.0 411574
1 22.0 449387
1 4.0 379069
1 24.0 202031
1 31.0 306180
1 38.0 660446
1 26.0 392532
1 30.0 609612
1 7.0 419527
1 21.0 408038
1 17.0 302424
1 26.0 176048
1 27.0 107595
1 5.0 464019
1 32.0 610610
1 13.0 289660
1 7.0 554945
1 22.0 366778
1 15.0 500339
1 0.0 507892
1 28.0 493942
1 23.0 618641
1 27.0 434469
1 33.0 130249
1 24.0 432404
1 5.0 278241
1 19.0 505451
1 22.0 528485
1 41.0 226502
1 11.0 482236
1 16.0 742617
1 3.0 614311
1 24.0 483528
1 33.0 211912
1 33.0 647887
1 16.0 556105
1 12.0 541136
1 7.0 447841
1 5.0 332179
1 42.0 1414115
1 5.0 239232
1 6.0 384772
1 34.0 666740
1 33.0 1530269
1 3.0 666654
1 29.0 200629
1 6.0 468003
1 30.0 289293
1 0.0 831980
1 24.0 333508
1 40.0 894217
1 2.0 417001
1 25.0 555831
1 1.0 509212
1 23.0 532458
1 13.0 379256
1 45.0 2347516
1 41.0 699130
1 12.0 702750
1 80.0 3858860
1 27.0 858110
1 30.0 593215
1 17.0 825930
1 32.0 372701
1 24.0 69469
1 37.0 484187
1 19.0 935480
1 9.0 531860
1 34.0 462753
1 24.0 155792
1 42.0 1065702
1 52.0 1179030
1 42.0 1834410
1 4.0 959338
1 43.0 1963168
1 26.0 110686
1 30.0 829869
1 33.0 1060693
1 10.0 460960
1 49.0 1264605
1 9.0 616577
1 19.0 3909
1 11.0 579096
1 3.0 640740
1 40.0 377001
1 26.0 827323
1 38.0 640792
1 14.0 1214425
1 13.0 538943
1 18.0 582036
1 9.0 342492
1 7.0 1083868
1 32.0 817997
1 42.0 479312
1 52.0 2184798
1 50.0 475431
1 10.0 910806
1 12.0 317978
1 1.0 362534
1 25.0 376615
1 28.0 772795
1 42.0 2182208
1 35.0 1246341
1 39.0 741074
1 80.0 4145631
1 119.0 5770333
1 36.0 36038
1 14.0 668754
1 13.0 1314299
1 17.0 553932
1 22.0 829339
1 11.0 1101556
1 37.0 101015
1 25.0 194276
1 20.0 428400
1 27.0 328837
1 31.0 442809
1 43.0 131420
1 36.0 571246
1 63.0 1684008
1 37.0 1250080
1 35.0 1035219
1 13.0 1028971
1 66.0 819815
1 0.0 564185
1 80.0 2237824
1 43.0 417076
1 30.0 248076
1 37.0 241138
1 41.0 1158922
1 37.0 666138
1 55.0 1344998
1 41.0 967032
1 55.0 1503639
1 31.0 347401
1 36.0 824228
1 21.0 897476
1 0.0 921316
1 7.0 399048
1 32.0 226265
1 36.0 147317
1 31.0 1048198
1 47.0 178608
1 19.0 397937
1 24.0 306578
1 17.0 485433
1 26.0 444334
1 25.0 751920
1 29.0 474447
1 38.0 454882
1 28.0 217017
1 0.0 1224925
1 10.0 1032355
1 2.0 590775
1 22.0 500035
1 49.0 152212
1 8.0 695927
1 24.0 4883
1 35.0 308328
1 27.0 288579
1 32.0 539543
1 10.0 519380
1 28.0 157113
1 9.0 1275740
1 30.0 195394
1 49.0 2760457
1 31.0 557292
1 37.0 389242
1 1.0 470787
1 7.0 710921
1 23.0 16423
1 34.0 996886
1 23.0 345789
1 12.0 1001929
1 2.0 999517
1 2.0 474045
1 3.0 294105
1 18.0 417224
1 41.0 304430
1 1.0 643674
1 28.0 5686
1 49.0 1040862
1 47.0 1042461
1 16.0 419338
1 11.0 228169
1 12.0 269346
1 21.0 361378
1 4.0 553481
1 20.0 675176
1 26.0 613394
1 24.0 215867
1 45.0 858098
1 14.0 461045
1 35.0 92402
1 35.0 826617
1 12.0 831771
1 28.0 855676
1 5.0 862849
1 25.0 99230
