count nobl hsv
4419 0.0 84
3746 0.0 60
2917 0.0 124
2560 0.0 109
2413 0.0 68
2349 0.0 96
2346 0.0 120
2283 0.0 87
2245 0.0 106
2227 0.0 100
2203 0.0 103
2176 0.0 117
2169 0.0 132
2156 0.0 113
2103 0.0 78
1976 0.0 138
1948 0.0 135
1855 0.0 81
1815 0.0 146
1758 0.0 203
1742 0.0 224
1720 0.0 142
1695 0.0 207
1687 0.0 220
1676 0.0 151
1676 0.0 90
1673 0.0 154
1672 0.0 193
1651 0.0 289
1645 0.0 215
1630 0.0 171
1626 0.0 186
1614 0.0 211
1584 0.0 236
1559 0.0 166
1558 0.0 180
1546 0.0 159
1522 0.0 183
1510 0.0 253
1482 0.0 232
1438 0.0 162
1407 0.0 127
1404 0.0 62
1358 0.0 228
1341 0.0 190
1333 0.0 320
1331 0.0 262
1319 0.0 55
1313 0.0 258
1312 0.0 58
1310 0.0 240
1290 0.0 169
1283 0.0 156
1238 0.0 71
1227 0.0 280
1210 0.0 293
1207 0.0 149
1201 0.0 164
1190 0.0 75
1170 0.0 93
1160 0.0 249
1146 0.0 177
1130 0.0 297
1130 0.0 195
1113 0.0 144
1110 0.0 284
1088 0.0 129
1086 0.0 65
1069 0.0 272
1048 0.0 115
1032 0.0 198
1012 0.0 175
1008 0.0 356
995 0.0 200
976 0.0 338
955 0.0 276
950 0.0 244
888 0.0 316
876 0.0 347
857 0.0 343
855 0.0 246
826 0.0 73
823 0.0 302
821 0.0 50
795 0.0 375
790 0.0 269
783 0.0 307
775 0.0 324
771 0.0 334
771 0.0 312
740 0.0 380
736 0.0 352
720 0.0 330
714 0.0 370
709 0.0 398
705 0.0 389
673 0.0 266
668 0.0 441
666 0.0 394
659 0.0 404
659 0.0 366
659 0.0 174
607 0.0 413
588 0.0 460
581 0.0 446
572 0.0 384
566 0.0 422
560 0.0 426
558 0.0 408
556 0.0 431
549 0.0 417
515 0.0 360
508 0.0 436
507 1.0 214
493 1.0 247
491 0.0 309
487 0.0 456
482 0.0 450
481 0.0 465
457 2.0 310
437 0.0 362
436 1.0 165
434 0.0 499
431 1.0 172
425 1.0 269
421 1.0 225
420 0.0 494
416 0.0 597
412 1.0 183
411 1.0 239
411 2.0 212
410 0.0 514
410 0.0 470
410 0.0 519
406 1.0 283
406 0.0 304
399 0.0 327
394 0.0 524
388 0.0 529
388 1.0 138
388 0.0 475
387 1.0 254
387 0.0 534
382 0.0 504
380 0.0 628
372 0.0 589
372 1.0 261
370 0.0 663
366 0.0 485
363 0.0 654
361 2.0 370
359 1.0 160
356 1.0 232
353 1.0 291
352 1.0 399
345 0.0 489
341 1.0 192
341 1.0 148
338 1.0 153
337 0.0 549
333 0.0 554
329 1.0 276
327 0.0 509
327 1.0 297
325 0.0 621
325 0.0 689
324 0.0 604
322 0.0 564
321 0.0 568
321 1.0 178
320 0.0 609
320 1.0 423
318 1.0 219
317 0.0 646
316 1.0 323
314 1.0 120
312 1.0 126
310 1.0 203
307 1.0 341
305 0.0 539
305 0.0 579
303 0.0 544
300 0.0 574
300 0.0 559
299 1.0 329
293 1.0 208
290 2.0 327
290 2.0 354
282 1.0 415
282 0.0 481
279 1.0 407
279 1.0 439
278 0.0 584
276 1.0 187
275 1.0 108
274 1.0 197
272 0.0 795
272 1.0 453
271 0.0 478
270 1.0 101
267 2.0 415
267 1.0 317
266 0.0 43
266 0.0 827
265 1.0 80
263 2.0 457
262 0.0 726
260 2.0 363
260 0.0 741
258 1.0 378
257 0.0 805
256 0.0 615
256 1.0 95
256 0.0 815
255 2.0 592
253 0.0 635
252 2.0 265
250 1.0 488
248 1.0 432
245 2.0 345
243 0.0 777
243 2.0 319
243 0.0 682
241 0.0 848
241 0.0 768
240 2.0 222
239 1.0 361
238 1.0 472
237 0.0 837
236 2.0 170
236 1.0 352
233 1.0 311
232 1.0 302
232 2.0 423
232 1.0 307
232 1.0 372
231 1.0 132
229 2.0 472
229 1.0 114
227 1.0 347
227 1.0 393
226 1.0 509
224 0.0 733
223 1.0 586
223 0.0 720
221 1.0 526
220 1.0 142
219 0.0 640
219 2.0 336
218 2.0 378
218 0.0 676
218 1.0 517
216 1.0 480
216 1.0 356
216 2.0 482
215 0.0 785
214 1.0 566
213 1.0 502
213 1.0 549
213 1.0 335
213 1.0 366
212 2.0 243
210 2.0 230
207 2.0 203
205 1.0 466
204 2.0 290
204 1.0 648
203 1.0 383
202 0.0 748
202 2.0 512
202 2.0 541
200 2.0 296
199 3.0 556
199 2.0 271
199 2.0 252
197 2.0 278
197 1.0 576
196 2.0 632
194 2.0 385
193 1.0 388
191 0.0 713
191 2.0 399
190 2.0 642
190 2.0 567
190 2.0 503
189 0.0 696
189 0.0 968
188 2.0 178
188 1.0 88
187 3.0 456
187 0.0 707
186 2.0 185
186 0.0 670
186 2.0 392
185 2.0 939
182 2.0 607
180 3.0 321
180 1.0 63
178 1.0 495
177 0.0 919
177 0.0 755
176 0.0 909
176 0.0 702
176 2.0 406
175 1.0 534
175 1.0 557
174 2.0 259
174 2.0 284
174 3.0 402
174 2.0 652
173 0.0 892
173 2.0 193
172 3.0 373
172 1.0 775
171 1.0 446
168 0.0 870
168 1.0 595
167 2.0 431
167 2.0 556
167 1.0 73
166 2.0 439
166 2.0 526
166 1.0 721
165 3.0 609
164 3.0 390
163 0.0 760
163 1.0 460
162 2.0 464
161 2.0 237
160 2.0 162
159 2.0 689
158 1.0 617
158 2.0 748
158 1.0 664
156 1.0 709
155 1.0 672
154 1.0 541
154 2.0 736
153 2.0 576
152 2.0 699
151 2.0 445
150 0.0 946
149 2.0 768
149 3.0 444
149 1.0 789
147 0.0 957
147 2.0 661
147 2.0 726
147 2.0 126
147 1.0 763
146 0.0 1202
146 2.0 303
145 2.0 622
144 0.0 979
144 2.0 678
143 2.0 758
143 0.0 862
143 1.0 689
142 2.0 534
142 1.0 602
142 1.0 680
142 0.0 884
140 0.0 929
140 2.0 496
139 0.0 1171
139 2.0 549
138 2.0 583
138 1.0 631
137 2.0 519
137 1.0 731
137 3.0 526
136 3.0 435
133 3.0 514
133 3.0 477
133 0.0 878
132 2.0 778
131 1.0 639
131 0.0 937
131 2.0 149
130 2.0 489
129 3.0 382
128 2.0 716
128 3.0 332
128 3.0 343
128 0.0 900
128 3.0 546
127 3.0 468
125 1.0 699
125 0.0 1007
124 3.0 280
123 1.0 656
122 3.0 596
121 0.0 1107
121 3.0 565
120 2.0 910
120 1.0 751
119 3.0 632
119 1.0 610
119 0.0 988
118 3.0 200
118 2.0 451
118 0.0 855
118 3.0 217
117 1.0 817
116 0.0 1186
116 3.0 309
115 0.0 1068
114 2.0 817
114 2.0 615
114 3.0 413
113 1.0 741
113 0.0 1024
113 0.0 997
112 2.0 669
111 3.0 621
111 0.0 1041
110 3.0 739
110 1.0 960
110 0.0 1133
108 3.0 576
108 3.0 677
106 3.0 354
106 2.0 880
106 3.0 840
105 2.0 135
105 3.0 653
105 3.0 270
105 2.0 848
105 0.0 1328
105 1.0 624
104 0.0 1058
104 2.0 837
104 1.0 799
104 4.0 883
104 4.0 728
103 2.0 707
103 2.0 599
103 3.0 240
102 2.0 1299
102 3.0 867
102 0.0 1119
102 2.0 859
101 1.0 1094
101 0.0 1033
101 4.0 691
100 2.0 997
100 3.0 956
100 3.0 806
100 3.0 229
100 1.0 863
100 4.0 477
100 2.0 787
100 3.0 905
100 3.0 853
99 0.0 1228
99 2.0 795
99 1.0 844
98 2.0 114
98 2.0 869
98 0.0 1097
98 2.0 101
98 0.0 1158
97 3.0 536
97 3.0 1258
97 3.0 494
97 3.0 827
97 1.0 934
96 2.0 962
96 2.0 143
96 4.0 813
96 0.0 1087
96 3.0 259
96 1.0 1040
95 1.0 1021
95 3.0 669
95 1.0 875
95 1.0 1060
95 2.0 972
95 3.0 486
94 0.0 1016
94 2.0 898
94 3.0 643
94 3.0 502
94 2.0 827
94 3.0 363
93 1.0 854
93 2.0 924
93 3.0 425
93 3.0 291
92 3.0 1016
92 3.0 752
92 4.0 585
92 3.0 880
92 4.0 449
91 4.0 655
90 4.0 339
90 3.0 715
90 3.0 586
90 3.0 250
89 0.0 1147
89 0.0 1284
89 3.0 726
87 1.0 1112
87 1.0 996
87 1.0 947
86 2.0 1718
86 0.0 1238
86 1.0 886
85 4.0 825
85 0.0 1263
85 1.0 826
85 0.0 1078
85 1.0 833
84 2.0 1104
84 3.0 300
84 3.0 892
83 4.0 1003
83 2.0 810
83 0.0 1216
83 2.0 86
83 1.0 55
82 2.0 155
82 4.0 971
82 4.0 433
82 3.0 1147
82 3.0 968
82 2.0 1049
81 3.0 784
81 4.0 676
81 0.0 1315
81 1.0 924
81 0.0 1272
80 0.0 1295
80 1.0 809
79 1.0 46
79 3.0 931
79 2.0 985
79 4.0 776
79 2.0 1035
78 1.0 974
78 3.0 762
77 2.0 1090
77 4.0 404
77 0.0 1579
77 0.0 1343
76 1.0 1076
76 4.0 867
75 3.0 816
75 0.0 1357
75 2.0 1012
75 4.0 610
75 0.0 1599
74 0.0 1049
74 3.0 773
74 4.0 741
73 4.0 988
73 4.0 622
73 3.0 690
73 3.0 697
73 2.0 1255
73 4.0 236
73 4.0 536
73 3.0 1072
72 4.0 763
72 3.0 942
72 1.0 1249
72 2.0 1075
72 3.0 991
72 3.0 164
71 3.0 919
71 2.0 951
71 0.0 1399
71 4.0 911
71 5.0 816
71 4.0 546
71 3.0 705
71 2.0 1173
71 3.0 661
71 1.0 1128
70 2.0 1135
70 0.0 1370
70 4.0 851
70 4.0 1046
70 4.0 1196
70 1.0 896
70 2.0 1148
70 4.0 556
70 0.0 1553
70 2.0 1024
70 3.0 794
69 2.0 1235
69 4.0 489
69 1.0 913
69 4.0 465
69 4.0 753
69 2.0 890
68 1.0 1007
68 3.0 1129
68 4.0 355
68 4.0 664
68 4.0 566
68 3.0 1032
67 4.0 1241
67 5.0 268
66 4.0 790
66 4.0 308
66 0.0 1251
66 4.0 417
66 4.0 704
65 2.0 1191
65 5.0 852
65 3.0 1002
65 2.0 802
65 4.0 1217
65 3.0 1099
65 2.0 1278
65 0.0 1416
64 3.0 1319
64 4.0 631
64 3.0 1114
63 2.0 1160
63 0.0 1431
63 5.0 1352
63 4.0 899
62 1.0 1143
62 4.0 1072
62 3.0 184
62 2.0 1315
62 4.0 957
61 4.0 716
61 0.0 1618
61 2.0 1207
61 1.0 986
61 1.0 1289
61 2.0 1118
61 4.0 838
60 3.0 1162
60 0.0 1306
60 0.0 1494
59 4.0 801
59 3.0 1045
59 3.0 683
59 5.0 1324
59 4.0 501
58 3.0 1193
58 0.0 1718
58 5.0 650
58 0.0 1912
58 2.0 1359
58 0.0 1442
58 1.0 1271
57 0.0 1524
57 5.0 1105
57 5.0 894
56 1.0 1205
56 3.0 1178
56 0.0 1455
56 4.0 525
56 2.0 73
56 4.0 643
56 0.0 1683
55 4.0 326
55 1.0 1157
55 5.0 953
55 1.0 1381
55 5.0 791
55 2.0 1221
54 8.0 931
54 0.0 1834
54 4.0 597
54 3.0 1058
53 1.0 905
53 0.0 1508
53 4.0 1030
53 5.0 409
53 3.0 1241
53 0.0 1757
52 4.0 1059
52 0.0 1538
52 4.0 513
52 6.0 678
52 5.0 842
52 6.0 305
52 4.0 1100
51 0.0 1384
51 2.0 1062
51 6.0 597
51 0.0 1479
51 4.0 1157
51 1.0 1216
51 5.0 719
51 1.0 1170
50 5.0 1091
50 3.0 980
50 5.0 877
49 1.0 1551
49 2.0 1521
49 4.0 1118
49 5.0 922
49 5.0 513
49 2.0 1345
49 2.0 1411
49 5.0 635
49 1.0 1181
49 1.0 1334
48 5.0 532
48 5.0 828
48 5.0 998
48 3.0 1208
48 5.0 937
47 4.0 576
47 0.0 1666
47 5.0 593
47 4.0 935
47 5.0 764
47 2.0 1393
46 4.0 380
46 5.0 1301
46 3.0 1271
46 3.0 1224
46 3.0 1502
46 3.0 1352
46 1.0 1349
46 4.0 1393
46 4.0 1289
46 5.0 1010
46 2.0 1471
46 5.0 491
46 4.0 1257
46 4.0 392
46 2.0 1375
46 5.0 666
45 4.0 1146
45 5.0 866
45 5.0 1226
45 5.0 474
45 3.0 1526
45 4.0 1428
45 4.0 924
44 4.0 1019
44 5.0 805
44 5.0 1059
44 4.0 1086
44 5.0 742
44 1.0 1230
44 1.0 1363
44 1.0 1305
44 5.0 690
43 3.0 1304
43 5.0 551
43 5.0 967
43 7.0 967
43 5.0 1077
42 6.0 979
42 6.0 655
42 7.0 583
42 6.0 1027
42 1.0 1320
42 0.0 1885
42 2.0 1330
42 5.0 731
42 4.0 294
42 6.0 820
42 4.0 1514
42 0.0 1863
42 6.0 838
42 4.0 947
41 8.0 550
41 4.0 1272
41 1.0 1473
41 4.0 1491
41 3.0 145
41 4.0 1782
41 6.0 926
41 4.0 1375
41 8.0 657
41 1.0 1193
41 5.0 1208
41 5.0 776
41 6.0 737
41 5.0 1043
41 1.0 1399
40 4.0 1133
40 0.0 1648
40 1.0 1647
40 4.0 258
40 5.0 619
40 6.0 960
40 3.0 1287
40 7.0 619
40 7.0 299
40 5.0 1163
40 6.0 911
40 5.0 1191
40 2.0 1427
40 3.0 1087
39 5.0 1557
39 5.0 1026
39 3.0 1400
39 6.0 765
39 6.0 1245
39 6.0 1418
39 6.0 892
38 0.0 1809
38 1.0 1417
38 3.0 1337
38 6.0 1211
38 0.0 1467
38 6.0 1070
38 1.0 1528
38 3.0 1444
38 5.0 1513
38 6.0 1126
38 5.0 983
38 4.0 1182
38 6.0 1107
38 0.0 1702
38 6.0 856
37 5.0 456
37 7.0 950
37 1.0 1493
37 6.0 570
37 6.0 1323
37 5.0 678
37 4.0 1654
37 4.0 368
37 1.0 1511
37 4.0 1446
37 0.0 1938
37 0.0 1633
37 0.0 1975
37 5.0 1148
37 0.0 1788
36 4.0 278
36 0.0 1745
36 11.0 1007
36 5.0 577
36 1.0 1686
36 3.0 1463
36 8.0 642
36 5.0 1422
36 5.0 908
36 2.0 54
36 0.0 2119
36 5.0 704
36 6.0 996
36 4.0 1170
36 5.0 1135
35 4.0 1632
35 6.0 1169
35 0.0 1999
35 2.0 1500
35 4.0 1319
35 5.0 1259
35 4.0 1332
35 2.0 1636
35 0.0 1731
35 2.0 1541
34 0.0 2097
34 3.0 1368
34 4.0 1361
34 5.0 355
34 6.0 724
34 6.0 1056
34 8.0 1082
34 7.0 1405
34 2.0 1598
33 3.0 1564
33 5.0 1242
33 0.0 1771
33 8.0 1003
33 4.0 1470
33 5.0 1665
33 4.0 1305
33 5.0 1489
33 6.0 545
33 4.0 202
33 1.0 1621
33 4.0 1537
33 7.0 1258
33 2.0 1441
33 5.0 1278
32 6.0 1011
32 4.0 1410
32 5.0 1596
32 5.0 337
32 6.0 707
32 6.0 1284
32 5.0 1406
32 2.0 1454
32 10.0 596
32 1.0 1449
32 6.0 1395
32 6.0 1146
32 12.0 1069
32 6.0 799
32 2.0 1845
31 6.0 1264
31 6.0 781
31 0.0 2220
31 5.0 607
31 7.0 814
31 4.0 1346
31 5.0 564
31 9.0 628
31 5.0 754
31 5.0 1469
31 2.0 1792
31 3.0 1431
30 4.0 1707
30 3.0 1419
30 5.0 1369
30 5.0 1758
30 2.0 1617
30 2.0 1761
30 5.0 1121
30 8.0 1237
30 1.0 1869
30 2.0 1816
29 3.0 1482
29 4.0 1576
29 5.0 1387
29 5.0 423
29 4.0 1678
29 5.0 293
29 7.0 1168
29 1.0 1575
29 4.0 221
29 6.0 945
29 7.0 1353
29 1.0 1837
29 3.0 1546
29 2.0 1560
28 8.0 1349
28 7.0 1105
28 2.0 1930
28 7.0 341
28 2.0 1677
28 1.0 1746
28 7.0 1125
28 4.0 1731
28 0.0 2024
28 6.0 1190
28 5.0 1685
28 3.0 1626
28 1.0 1432
28 4.0 1613
28 7.0 1209
27 6.0 1539
27 5.0 1177
27 3.0 1761
27 1.0 1721
27 4.0 1751
27 5.0 313
27 6.0 1341
27 5.0 1577
27 0.0 1954
27 7.0 1627
27 5.0 376
27 0.0 2043
27 7.0 1024
27 11.0 692
27 7.0 1234
27 1.0 1668
27 3.0 1382
26 6.0 618
26 5.0 1438
26 5.0 1451
26 7.0 1378
26 7.0 1186
26 2.0 1699
26 5.0 442
26 6.0 1304
26 4.0 1869
26 3.0 1913
26 6.0 1441
26 6.0 691
26 7.0 1047
26 1.0 1598
25 4.0 1812
25 6.0 1229
25 3.0 2001
25 2.0 1484
25 6.0 670
25 3.0 1888
25 7.0 1324
25 5.0 1786
25 5.0 1533
25 4.0 1905
25 2.0 1737
25 6.0 1088
25 7.0 1064
25 2.0 1579
25 5.0 1818
25 7.0 1284
25 0.0 2070
24 4.0 1594
24 5.0 1980
24 6.0 1787
24 6.0 1375
24 6.0 1042
24 9.0 1658
24 7.0 601
24 8.0 823
24 3.0 1785
24 1.0 1771
24 6.0 1356
24 7.0 1459
24 0.0 2368
24 0.0 2139
23 3.0 1673
23 2.0 1655
23 2.0 1872
23 0.0 2189
23 3.0 1592
23 9.0 1345
23 5.0 1902
23 9.0 567
23 1.0 1701
23 5.0 395
23 6.0 1517
23 5.0 1617
23 7.0 1084
23 12.0 655
23 0.0 2286
23 1.0 1930
23 7.0 998
22 7.0 1682
22 1.0 1904
22 6.0 1591
22 6.0 1983
22 7.0 924
22 6.0 634
22 1.0 1790
22 8.0 1273
22 7.0 1147
22 6.0 1859
22 8.0 1205
22 6.0 1566
22 3.0 120
22 3.0 1743
22 7.0 900
22 3.0 1641
22 6.0 1763
21 7.0 1604
21 6.0 870
21 7.0 784
21 8.0 1298
21 2.0 2374
21 4.0 1954
21 2.0 2042
21 7.0 1304
21 3.0 1606
21 2.0 2101
21 8.0 1167
21 3.0 102
21 4.0 1556
21 6.0 1459
21 6.0 520
21 7.0 1583
21 6.0 371
21 3.0 1852
20 9.0 837
20 7.0 1771
20 5.0 1732
20 6.0 1731
20 1.0 1813
20 5.0 1641
20 3.0 1581
20 9.0 1419
20 8.0 1107
20 6.0 750
20 6.0 1806
20 0.0 2245
20 9.0 1282
20 3.0 2107
20 2.0 2312
20 3.0 1728
20 4.0 190
20 1.0 2170
20 3.0 1827
19 3.0 2064
19 8.0 1434
19 5.0 1849
19 6.0 2051
19 7.0 695
19 6.0 1651
19 4.0 161
19 0.0 2163
19 6.0 1936
19 7.0 1847
18 8.0 1058
18 2.0 2076
18 7.0 561
18 2.0 1989
18 3.0 1944
18 7.0 761
18 6.0 1833
18 8.0 904
18 5.0 1704
18 8.0 1724
18 5.0 1953
18 9.0 2146
18 6.0 455
18 6.0 1667
18 7.0 1564
18 7.0 879
18 9.0 1382
18 8.0 1589
18 3.0 1657
18 7.0 1796
17 5.0 1879
17 6.0 2017
17 8.0 1136
17 4.0 1990
17 8.0 1621
17 7.0 1820
17 3.0 2284
17 7.0 1544
17 8.0 978
17 8.0 1790
17 7.0 1523
17 6.0 503
17 5.0 2066
17 4.0 181
17 7.0 1483
17 8.0 861
17 6.0 2221
17 6.0 2127
17 8.0 1488
17 8.0 953
17 2.0 1902
17 2.0 2161
17 7.0 1439
17 7.0 744
16 3.0 1708
16 7.0 645
16 14.0 895
16 6.0 1479
16 1.0 1984
16 5.0 2154
16 9.0 1619
16 7.0 852
16 8.0 370
16 2.0 1962
16 1.0 1956
16 6.0 1613
16 6.0 1886
16 4.0 1840
16 6.0 1710
16 6.0 1634
16 3.0 2206
16 2.0 2013
16 9.0 1451
16 0.0 2269
16 5.0 2029
16 9.0 1552
16 8.0 1895
15 2.0 2230
15 4.0 1965
15 14.0 986
15 1.0 2007
15 3.0 2239
15 9.0 1114
15 7.0 1505
15 8.0 2409
15 7.0 2007
15 3.0 1691
15 7.0 717
15 8.0 2033
15 9.0 1808
15 9.0 1973
15 3.0 76
15 9.0 1246
15 10.0 1640
15 1.0 2134
15 5.0 1926
15 8.0 1389
15 6.0 1911
15 8.0 1369
15 7.0 2073
15 8.0 509
15 4.0 2044
15 8.0 1640
14 5.0 234
14 11.0 751
14 4.0 2317
14 9.0 2181
14 3.0 2031
14 8.0 1695
14 4.0 2397
14 7.0 1655
14 2.0 2627
14 8.0 1412
14 9.0 775
14 9.0 1831
14 3.0 1975
14 0.0 2734
14 3.0 1806
14 17.0 2020
14 8.0 696
14 10.0 1425
14 8.0 1987
14 9.0 1780
14 6.0 1498
14 8.0 1461
14 7.0 802
14 1.0 2035
14 8.0 754
14 4.0 2159
14 7.0 1712
14 6.0 402
14 4.0 1933
14 6.0 1691
13 10.0 1672
13 7.0 831
13 0.0 2452
13 9.0 1519
13 0.0 2517
13 7.0 1973
13 9.0 1090
13 3.0 2132
13 7.0 1951
13 0.0 2308
13 7.0 2301
13 8.0 1512
13 7.0 429
13 8.0 1328
13 5.0 2100
13 9.0 413
13 0.0 2601
13 9.0 966
13 5.0 2005
13 9.0 1586
13 2.0 2192
13 7.0 1873
12 7.0 2204
12 9.0 670
12 4.0 2489
12 4.0 2263
12 10.0 1121
12 6.0 2268
12 6.0 476
12 7.0 387
12 9.0 1747
12 8.0 1534
12 4.0 2068
12 0.0 2408
12 10.0 1209
12 7.0 530
12 7.0 2343
12 8.0 1825
12 8.0 790
12 6.0 1958
12 10.0 1491
12 0.0 3553
12 2.0 2413
12 1.0 2251
12 0.0 2772
12 1.0 2208
12 7.0 2038
12 9.0 1690
12 2.0 2138
12 6.0 430
12 1.0 2107
11 7.0 669
11 9.0 1184
11 3.0 2580
11 0.0 2946
11 5.0 2240
11 2.0 2269
11 9.0 1213
11 8.0 1935
11 7.0 2250
11 1.0 2058
11 11.0 1964
11 7.0 1739
11 4.0 2197
11 8.0 1759
11 10.0 1462
11 8.0 1858
11 7.0 494
11 0.0 2336
11 4.0 2023
11 8.0 2071
11 11.0 1040
11 11.0 1355
11 10.0 906
11 10.0 1395
11 8.0 1559
11 6.0 349
11 10.0 1329
11 3.0 2353
11 8.0 730
11 7.0 2518
11 3.0 2327
11 10.0 2099
11 8.0 2144
11 4.0 2358
11 5.0 2345
11 3.0 2179
11 0.0 2662
11 11.0 1753
11 13.0 911
10 9.0 1057
10 0.0 4258
10 1.0 2323
10 6.0 2083
10 11.0 2030
10 8.0 2212
10 6.0 2186
10 8.0 1666
10 6.0 2493
10 2.0 2935
10 8.0 424
10 1.0 2080
10 7.0 1913
10 9.0 1027
10 15.0 1699
10 3.0 2525
10 5.0 2318
10 9.0 804
10 4.0 2233
10 5.0 163
10 9.0 1715
10 11.0 1471
10 9.0 1875
10 5.0 2264
10 12.0 2152
10 18.0 1658
10 10.0 650
10 10.0 1250
10 1.0 2415
10 9.0 1311
10 8.0 2114
10 7.0 1932
10 8.0 2185
10 6.0 2354
10 9.0 2282
10 3.0 2391
9 0.0 2709
9 0.0 3155
9 5.0 2191
9 11.0 2157
9 11.0 1498
9 11.0 1219
9 8.0 1963
9 10.0 1166
9 10.0 1031
9 6.0 2526
9 5.0 2129
9 5.0 2293
9 9.0 923
9 5.0 110
9 8.0 1024
9 6.0 2324
9 8.0 613
9 1.0 2360
9 5.0 209
9 7.0 2437
9 6.0 2434
9 7.0 2113
9 6.0 2393
9 0.0 2852
9 6.0 235
9 10.0 1553
9 5.0 2531
9 10.0 833
9 9.0 1491
9 5.0 2607
8 10.0 1791
8 9.0 2034
8 1.0 2278
8 1.0 2483
8 0.0 3890
8 2.0 2790
8 5.0 2413
8 4.0 2089
8 5.0 2384
8 2.0 2539
8 11.0 1678
8 10.0 2049
8 3.0 2154
8 10.0 1951
8 4.0 2591
8 7.0 2643
8 10.0 2008
8 6.0 271
8 9.0 2221
8 9.0 2104
8 10.0 1745
8 6.0 2460
8 6.0 2296
8 8.0 3019
8 10.0 935
8 3.0 2423
8 7.0 2708
8 10.0 1293
8 9.0 1146
8 0.0 3266
8 7.0 2393
8 0.0 2569
8 0.0 2826
8 2.0 2499
8 0.0 3314
8 8.0 885
8 10.0 1865
8 3.0 2622
8 10.0 781
8 9.0 997
8 9.0 873
8 11.0 1399
8 0.0 2539
8 11.0 1111
8 9.0 1900
8 3.0 2710
8 10.0 1605
7 9.0 1170
7 12.0 1872
7 9.0 1932
7 12.0 1611
7 10.0 1716
7 2.0 2677
7 11.0 1425
7 13.0 1652
7 11.0 1534
7 4.0 2633
7 10.0 1979
7 9.0 2412
7 3.0 2481
7 3.0 2939
7 12.0 1679
7 4.0 2686
7 0.0 3230
7 9.0 708
7 4.0 120
7 12.0 1139
7 12.0 1730
7 11.0 1813
7 7.0 2173
7 10.0 1520
7 0.0 3032
7 1.0 2737
7 0.0 4704
7 10.0 1367
7 8.0 2323
7 10.0 452
7 4.0 2443
7 9.0 2358
7 8.0 265
7 0.0 2486
7 0.0 3854
7 4.0 2116
7 5.0 2217
7 10.0 2133
7 3.0 2675
7 0.0 2990
7 13.0 1808
7 10.0 1273
7 7.0 1893
7 0.0 2875
7 0.0 3202
7 12.0 1818
7 0.0 2436
7 7.0 2915
6 0.0 2633
6 0.0 2902
6 11.0 2233
6 10.0 999
6 3.0 42
6 12.0 2029
6 11.0 2193
6 9.0 736
6 9.0 2541
6 8.0 2361
6 10.0 701
6 1.0 2988
6 6.0 493
6 11.0 1257
6 2.0 3007
6 10.0 2213
6 0.0 3067
6 12.0 2220
6 8.0 2578
6 0.0 3739
6 3.0 2458
6 1.0 2576
6 7.0 2548
6 12.0 2114
6 10.0 1080
6 12.0 1239
6 10.0 872
6 11.0 1619
6 8.0 1038
6 8.0 2240
6 5.0 2476
6 11.0 1160
6 9.0 2505
6 6.0 2160
6 4.0 2532
6 3.0 2861
5 10.0 2470
5 6.0 178
5 7.0 2817
5 14.0 2089
5 0.0 3409
5 8.0 2836
5 7.0 2140
5 8.0 2297
5 14.0 1741
5 11.0 489
5 12.0 2072
5 5.0 3019
5 7.0 2678
5 2.0 2
5 11.0 900
5 9.0 851
5 15.0 1827
5 10.0 2274
5 4.0 2819
5 1.0 2
5 12.0 826
5 9.0 2587
5 12.0 1575
5 12.0 2305
5 11.0 2416
5 4.0 53
5 10.0 1918
5 10.0 2325
5 8.0 2092
5 3.0 2806
5 8.0 2543
5 11.0 1577
5 11.0 618
5 0.0 4035
5 13.0 1432
5 10.0 1840
5 10.0 971
5 5.0 2640
5 13.0 678
5 13.0 1742
5 0.0 3113
5 11.0 2570
5 0.0 4157
5 13.0 567
5 7.0 2588
5 11.0 1284
5 8.0 2266
5 1.0 2523
5 3.0 3511
5 3.0 3293
5 15.0 2552
5 6.0 2604
5 9.0 2896
5 2.0 2466
5 11.0 1314
5 12.0 1912
4 14.0 2164
4 12.0 1988
4 8.0 2796
4 13.0 1227
4 0.0 2685
4 13.0 2634
4 13.0 1367
4 4.0 3484
4 8.0 2650
4 10.0 2170
4 5.0 2574
4 4.0 2987
4 14.0 1338
4 12.0 1778
4 1.0 2449
4 11.0 2718
4 16.0 2547
4 8.0 2688
4 1.0 2663
4 10.0 1581
4 7.0 3447
4 0.0 3437
4 10.0 2433
4 13.0 2313
4 10.0 544
4 12.0 2494
4 2.0 2715
4 6.0 2698
4 4.0 2
4 3.0 3190
4 1.0 2809
4 16.0 1616
4 6.0 2641
4 4.0 2911
4 2.0 2570
4 5.0 2825
4 7.0 3329
4 11.0 1915
4 9.0 2319
4 6.0 2755
4 13.0 1901
4 5.0 2772
4 14.0 2374
4 9.0 2074
4 4.0 3358
4 0.0 3941
4 8.0 2749
4 9.0 2796
4 12.0 1324
4 11.0 850
4 5.0 2971
4 11.0 2333
4 4.0 2776
4 11.0 1850
3 13.0 2148
3 1.0 3401
3 12.0 2710
3 14.0 2231
3 14.0 1412
3 3.0 2966
3 17.0 748
3 7.0 3377
3 0.0 3361
3 13.0 1542
3 7.0 3257
3 10.0 2532
3 0.0 4507
3 11.0 4051
3 4.0 3041
3 5.0 3170
3 15.0 2701
3 6.0 3799
3 15.0 2156
3 14.0 1622
3 11.0 2633
3 9.0 425
3 8.0 3174
3 20.0 1827
3 15.0 1516
3 9.0 2472
3 9.0 2967
3 7.0 3013
3 12.0 1947
3 10.0 3509
3 12.0 998
3 9.0 2381
3 10.0 2883
3 15.0 650
3 2.0 3081
3 12.0 1188
3 12.0 2431
3 10.0 387
3 16.0 1130
3 0.0 3485
3 0.0 3693
3 6.0 2870
3 11.0 2767
3 0.0 4617
3 5.0 3116
3 27.0 1654
3 8.0 3276
3 8.0 468
3 9.0 3479
3 12.0 528
3 12.0 1524
3 7.0 3107
3 1.0 4085
3 13.0 2572
3 13.0 2079
3 3.0 4234
3 10.0 3428
3 10.0 3002
3 0.0 3588
3 0.0 4318
3 9.0 3356
3 4.0 3439
3 13.0 2384
3 1.0 2866
3 5.0 2887
3 10.0 2696
3 15.0 421
3 7.0 174
3 9.0 366
3 4.0 3143
3 14.0 1691
3 15.0 1660
3 14.0 1194
3 10.0 2582
3 13.0 1935
3 5.0 3401
3 8.0 393
3 11.0 2990
3 5.0 2690
3 0.0 2
3 2.0 3136
3 6.0 3245
3 12.0 2894
3 6.0 2943
3 13.0 1603
3 8.0 2896
3 9.0 491
3 2.0 2741
3 10.0 2630
3 12.0 937
3 6.0 3351
3 9.0 2676
3 14.0 1534
3 4.0 3614
3 12.0 2829
3 8.0 2470
3 12.0 1438
3 9.0 301
3 6.0 3592
3 0.0 4396
3 17.0 2267
3 12.0 774
3 3.0 3122
3 13.0 2044
3 0.0 3647
3 1.0 2631
3 6.0 4081
2 7.0 3740
2 10.0 2774
2 8.0 2951
2 12.0 1490
2 7.0 3182
2 14.0 1457
2 3.0 3765
2 15.0 2367
2 15.0 1280
2 0.0 6431
2 7.0 2763
2 15.0 1379
2 5.0 3624
2 12.0 487
2 18.0 1104
2 12.0 2758
2 4.0 3526
2 0.0 3999
2 11.0 2105
2 1.0 3774
2 11.0 3696
2 11.0 2077
2 16.0 2065
2 12.0 1377
2 10.0 338
2 10.0 2378
2 5.0 5228
2 14.0 1025
2 15.0 2306
2 11.0 2271
2 13.0 2214
2 19.0 1974
2 12.0 2946
2 19.0 1361
2 18.0 1563
2 17.0 1892
2 9.0 2
2 11.0 1875
2 12.0 3183
2 13.0 1856
2 6.0 3080
2 13.0 1101
2 18.0 771
2 6.0 4005
2 11.0 306
2 14.0 1259
2 0.0 6841
2 9.0 121
2 7.0 2870
2 14.0 1574
2 12.0 2994
2 16.0 878
2 11.0 4006
2 22.0 1464
2 7.0 3151
2 2.0 3310
2 9.0 3601
2 14.0 1813
2 13.0 854
2 1.0 3090
2 7.0 2486
2 10.0 2810
2 16.0 2123
2 4.0 3718
2 16.0 1951
2 14.0 613
2 13.0 2490
2 11.0 2945
2 3.0 3350
2 13.0 2441
2 10.0 3323
2 1.0 2935
2 11.0 532
2 11.0 246
2 15.0 2072
2 4.0 3676
2 1.0 3286
2 11.0 3178
2 11.0 993
2 10.0 3258
2 17.0 1077
2 2.0 2880
2 6.0 3021
2 11.0 804
2 14.0 2899
2 14.0 2046
2 7.0 3871
2 6.0 4324
2 2.0 3462
2 13.0 2858
2 6.0 2836
2 16.0 1673
2 6.0 3189
2 13.0 2728
2 6.0 3298
2 1.0 3153
1 16.0 628
1 4.0 4626
1 11.0 3323
1 29.0 1654
1 2.0 4341
1 1.0 4841
1 7.0 212
1 22.0 2497
1 14.0 2725
1 5.0 5616
1 13.0 1164
1 0.0 6221
1 22.0 1757
1 8.0 3615
1 20.0 600
1 6.0 3133
1 19.0 813
1 3.0 4047
1 0.0 12075
1 12.0 3601
1 23.0 1275
1 5.0 4581
1 20.0 2384
1 10.0 6828
1 7.0 4796
1 15.0 1923
1 12.0 2658
1 18.0 3317
1 3.0 4709
1 17.0 923
1 17.0 1785
1 20.0 3222
1 10.0 3767
1 5.0 4172
1 15.0 3661
1 18.0 2010
1 19.0 2160
1 22.0 2661
1 8.0 3959
1 15.0 935
1 13.0 1502
1 17.0 2124
1 0.0 11293
1 8.0 3714
1 5.0 3816
1 19.0 1184
1 11.0 3436
1 9.0 3130
1 18.0 1791
1 17.0 2809
1 3.0 3658
1 17.0 1674
1 3.0 4355
1 14.0 3111
1 16.0 2246
1 14.0 3029
1 10.0 162
1 5.0 2
1 14.0 2470
1 17.0 2361
1 0.0 4086
1 2.0 4016
1 3.0 3726
1 20.0 5670
1 15.0 1033
1 0.0 4560
1 12.0 3358
1 19.0 1534
1 18.0 583
1 6.0 4462
1 22.0 1984
1 10.0 3187
1 15.0 3481
1 2.0 3685
1 0.0 4451
1 16.0 938
1 16.0 1445
1 21.0 1718
1 1.0 3524
1 17.0 2655
1 5.0 4526
1 10.0 3881
1 3.0 3066
1 9.0 4120
1 1.0 4424
1 20.0 2212
1 0.0 5904
1 0.0 6561
1 7.0 4017
1 0.0 6974
1 2.0 5262
1 14.0 4710
1 6.0 4232
1 1.0 3640
1 8.0 3363
1 5.0 3963
1 2.0 3832
1 16.0 688
1 13.0 3389
1 1.0 4977
1 0.0 12751
1 5.0 4838
1 4.0 3858
1 18.0 2186
1 0.0 12273
1 12.0 2590
1 0.0 6058
1 8.0 3455
1 6.0 6361
1 1.0 3368
1 0.0 9035
1 16.0 1726
1 1.0 8941
1 16.0 1306
1 9.0 2730
1 13.0 626
1 15.0 8429
1 7.0 4466
1 16.0 573
1 9.0 5654
1 5.0 3888
1 20.0 3911
1 10.0 3600
1 16.0 3188
1 5.0 7854
1 15.0 4382
1 13.0 325
1 36.0 1956
1 4.0 3087
1 2.0 3399
1 16.0 339
1 9.0 4063
1 12.0 712
1 19.0 10581
1 2.0 3260
1 20.0 6479
1 29.0 1923
1 1.0 4478
1 2.0 3534
1 0.0 4201
1 10.0 5420
1 5.0 5333
1 20.0 657
1 4.0 3242
1 4.0 4040
1 15.0 2970
1 20.0 2026
1 10.0 3067
1 5.0 3293
1 0.0 5296
1 16.0 1529
1 23.0 229
1 6.0 4995
1 14.0 3397
1 9.0 7852
1 13.0 3271
1 4.0 3582
1 12.0 3938
1 8.0 4597
1 22.0 1060
1 14.0 2553
1 18.0 2105
1 9.0 5081
1 14.0 2658
1 6.0 3433
1 16.0 1848
1 6.0 98
1 14.0 695
1 7.0 3534
1 8.0 175
1 14.0 2307
1 0.0 5752
1 16.0 2349
1 0.0 10619
1 4.0 4296
1 0.0 4948
1 8.0 4020
1 7.0 3645
1 18.0 3269
1 17.0 361
1 8.0 4798
1 9.0 3700
1 16.0 2493
1 7.0 3226
1 9.0 3263
1 15.0 1177
